Model-results/Envenoming-NIMBLE-model-SI.asc
NCOLS 53 
NROWS 93 
XLLCORNER 376490.070567719 
YLLCORNER 384721.488324056 
CELLSIZE 4595 
NODATA_value -9999 
[rows 63 to 83 of 93, columns 0 to 46 of 53]
-9999 -9999 -9999 -9999 -9999 0.357094952684703 0.323830716919933 0.281448113787987 0.298372256943644 0.273821048049388 0.25300589033554 0.27119760626236 0.295166781330608 0.306748991439499 0.327169356927549 0.329538648897242 0.349256388873886 0.380383394443923 0.376702303768438 0.38880050220131 0.440381228601576 0.416075318323524 0.46366115985116 0.577017473904923 0.516909343828181 0.860186562194138 0.576188366566647 0.640444065637767 0.650506465133726 -9999 0.619640949068365 0.586044132360095 0.625076812823368 0.469169776588056 0.634081082096279 0.616507940011868 0.646167027547651 0.624011289850205 0.634109977995382 0.644411569504628 0.610535877449098 0.625774761837525 0.64896992898373 -9999 -9999 0.699981977695912 0.748729803917796
-9999 -9999 -9999 -9999 0.435166462964783 0.331282842867105 0.263131679756085 0.280304965541103 0.25532961118704 0.266444201356935 0.247845415470127 0.25744616538428 0.283857049728302 0.294941528330597 0.305677413445006 0.301948714680804 0.331372791242887 0.356673879481578 0.465559845973224 0.410861909378354 0.499645715912617 0.456472390357016 0.484640681425219 0.587492431296493 0.66454222197877 0.649983099367675 0.617555286306049 0.666087281244336 0.636508036328659 0.663078970197779 0.580137425736635 0.601283715517566 0.603413887941129 0.521372265589595 0.593030349281176 0.68432459232495 0.641200531646447 0.669110005812817 0.59257976376349 0.656615873266552 0.608238106713425 0.62307746335194 0.642109443588848 0.692411990390008 -9999 0.657967361483086 0.729558150691455
-9999 -9999 -9999 -9999 -9999 0.244260008293414 0.273297548100041 0.231410346816377 0.261985301706686 0.244173179840055 0.234584301663381 0.254411353918489 0.28390421600077 0.29472349219867 0.305409599419294 0.31599576720299 0.330373338809491 0.372854339663765 0.464828118586191 0.520204161263203 0.447841564236679 0.487775351036528 0.524502261023401 0.526074568940062 0.9054400576721 0.69249866788934 0.747277069554759 0.632481157739924 0.682007203357139 0.56131667794412 0.513704077446646 0.553998747135036 0.502245697902184 0.561851845106598 0.638958507832387 0.653363238128478 0.688723709433383 0.666601170219336 0.693714517651698 0.669994672945202 0.613012147526216 0.638825329499722 0.6696754481755 0.662468666687506 0.648781442584257 0.690090447787236 0.583211299976751
-9999 -9999 -9999 -9999 -9999 0.225204962486582 0.20875604399387 0.240297418140139 0.221366728502584 0.247420687206797 0.243788265627769 0.242646305560866 0.284170886272415 0.296191427410596 0.288301262806979 0.452898105697009 0.338135854165512 0.411954573556599 0.395592817657422 0.515103877076826 0.550958244492832 0.483228153602067 0.497974599361546 -9999 0.637433195316612 0.980019604933827 0.943961829083806 0.762345720294048 0.861702247275067 0.82765142764348 0.566686742233531 0.596769584332485 0.541007599905438 0.609348850076069 0.59667145305355 0.649967088220392 0.636389128868686 0.648824550465858 0.642342382642709 0.663731470109318 0.632535103151996 0.619167704398865 0.642345331480695 0.535486444065501 0.549272627448143 0.543011909908909 0.720230885486838
-9999 -9999 -9999 -9999 -9999 0.210653863927634 0.201593721117294 0.196451331923692 0.228585914226322 0.232056223334052 0.225193834577439 0.242460993095511 0.255342928618687 0.295727853700883 0.269711930703312 0.33940854122678 0.496600407661548 0.3533333488087 0.381245566463244 0.505061768961799 0.525674357910118 0.616259347121433 0.625455479413923 0.87473010849517 0.696045383593559 0.725353716031936 0.802327832717192 0.750398711284484 0.96857955351815 0.84924805313689 0.619982287011799 0.577200345205161 0.628946134136323 0.527982225207267 0.611366256370831 0.609336455156604 0.870466207571253 0.627900713997553 0.631664844909168 0.630440132039652 0.645468588340484 0.625169851053425 0.613065156197606 0.523114394425176 0.525431910075139 0.686819218181807 0.532675249700498
-9999 -9999 -9999 -9999 -9999 0.170471561851929 0.173763381020814 0.195816525012938 0.207762286124018 0.231284726008377 0.240959623862651 0.233571597025943 0.27283643488886 0.249640922341988 0.282835443998649 0.467429983437583 0.332035551388508 0.347799718509396 0.406137861949532 0.498933311053054 0.525392057400708 0.571655087868742 0.857746116685024 0.890531111825129 0.744848568651476 0.777832845233203 0.607733394518297 0.970414987101891 0.755325740233645 0.73280033011939 0.520674805475668 0.615269118813769 0.573350599950841 0.49322902782885 0.480696952232012 0.627079830080598 0.637165684335866 0.623267527286417 0.643818329281118 0.5878127041182 0.630366225700654 0.609775049968362 0.607974811819799 0.597987756870337 -9999 0.524735694791849 0.599725912370646
-9999 -9999 -9999 -9999 -9999 0.183542180788188 0.188495983434166 0.194313995770079 0.215066959452944 0.228775544291606 0.229871147744476 0.253238015239704 0.265617437822477 0.280311792333894 0.427154155828422 0.474843578071419 0.314233771452933 0.556781879629083 0.450351402428683 0.477555904926552 0.520696379614084 0.778669854792175 0.825349575477624 0.915991729772106 0.931810492910349 0.961832135277098 0.795691871205545 0.764152791121284 0.652824414533756 0.500262549806969 0.545042776036792 0.609869677369552 0.564099866977961 0.58333060281826 0.662438417158277 0.618440534282799 0.614132216978178 0.628125936716038 0.638841611288372 0.61280055163904 0.60987700538513 0.593804550276706 0.628851895031774 0.581818333373901 0.532740993134871 0.562080189253894 0.553758796630662
-9999 -9999 -9999 -9999 -9999 0.166630311640861 0.199804228522099 0.207560043540402 0.210841657826944 0.222505516439942 0.234793101683738 0.244035163234057 0.282821608157003 0.266462710853517 0.445944958740352 0.454472826139408 0.319813444657837 0.562180021050322 0.442696311690788 0.48004668472209 0.68585080193317 0.566490252863684 0.828963394518176 0.881874068012775 0.919468267094672 0.941269812757724 0.948624514181242 1.03402119034566 0.736289332049675 0.539659496474016 0.519115076630017 0.696395098104324 0.627559996673406 0.581027532324766 0.61923601580906 0.635463126459421 0.612621702987751 0.626256319919536 0.625616991746814 0.599478325425149 0.608290122758508 0.618718468311514 0.595319451531357 0.518442999547673 0.533175629298137 0.559175105452804 0.598745188777282
-9999 -9999 -9999 -9999 -9999 0.182239873823554 0.195087434301911 0.193874489970504 0.205582080547165 0.213113447858191 0.215073491438303 0.269639612680964 0.269040093611021 0.273419089698304 0.252671452353327 0.478596123871286 0.306997147311223 0.392110574137656 0.425457824073101 0.486237948872825 0.571879961053246 0.769149354800654 0.808177008630445 0.869836926475677 0.902448194201024 0.91314581161604 0.948227227973477 0.738701731127309 0.752477311343357 0.562105445699498 0.598316346397763 0.5238932126352 0.597473853650204 0.651380691748893 0.65646668818265 0.599551059048319 0.638058153177045 0.63316243008938 0.639426711283287 0.637794688711331 0.628820967119295 0.637264574196689 0.504344034060708 0.487465354953297 0.547658153953405 0.60161179761058 0.577052573046977
-9999 -9999 -9999 -9999 -9999 0.246268281895819 0.221735057460776 0.225158268189046 0.239715095679442 0.250108540534761 0.257327522255836 0.2677747261233 0.254925553510057 0.313395562526365 0.277702029495064 0.274249999201122 0.308177768585832 0.411851513905909 0.410608981196679 0.490024757590827 0.551465733750354 0.764544755946268 0.834757299243758 0.847457905367708 0.871034064288036 0.896362342771036 0.737350096642779 0.790002644211667 0.722652343801213 0.744932477250715 0.6579937917366 0.568461896589964 0.666781360454762 0.679898890651301 0.614813190283048 0.655367537132255 0.625836360934194 0.672094876762198 0.640054256897476 0.646260872286191 0.659695444707545 0.647103022416398 0.499290808787876 0.535291075033974 0.556101933624356 0.68164569655664 0.610181301189294
-9999 -9999 -9999 -9999 -9999 0.234105737033832 0.26282481329156 0.243996054427383 0.248682935529035 0.252661908429173 0.269078744512723 0.257584130697135 0.260201753104789 0.266708963719682 0.2772173347692 0.28772357232967 0.297871745625532 0.370540750089447 0.413866570394535 0.433345397169353 0.514944875473016 0.550724597142496 0.610070906647027 0.789464611480276 0.665400662440119 0.654294376031244 0.721565580167311 0.687429802259402 0.706933844262921 0.638088087367171 0.646885013339966 0.662019175457767 0.698681751273644 0.631499472706109 0.69107826189734 0.628338119525926 0.596974343589459 0.662125849667654 0.669478912440589 0.657984940989933 0.677116821006844 0.665277091368685 0.593631128928009 0.578030838088633 0.642392115049881 0.643712730683022 0.724705890791566
-9999 -9999 -9999 -9999 -9999 -9999 0.264644998880613 0.257145006922192 0.259494185298189 0.235157247881021 0.242934863927186 0.257410917143134 0.255854851331851 0.268134826897728 0.264479474969198 0.278968206138976 0.287472257713449 0.288753314667328 0.312140295452722 0.41021983140927 0.577909840139691 0.634104193321069 0.488212075741321 0.706003892477661 0.563448564960736 0.591346173084642 0.495199479929037 0.640914890368791 0.600413157613891 0.63821845966056 0.632202763411098 0.60720994212912 0.676260829675057 0.679471855984975 0.688803995038725 0.687972532658466 0.764583058268142 0.662332416301474 0.754430015032612 0.758330832967461 0.717074826603613 0.604842197976205 0.77531208010335 0.798405374767124 0.661412958380299 0.680111470736437 0.660196189805233
-9999 -9999 -9999 -9999 -9999 -9999 0.236121856222346 0.258739526562982 0.261906298190623 0.2601146781854 0.25008292965933 0.276545693811186 0.269480073238046 0.260560059548885 0.313649211821461 0.275833071558691 0.283115462014484 0.268455576690409 0.28625423761126 0.319152631960149 0.335031902301748 0.421173794229044 0.383109919370317 0.406350129215512 0.394614247281697 0.419225148020462 0.438952583928968 0.548820733698352 0.627335358718568 0.602654375857003 0.682173587513807 0.690829932484595 0.733041276966446 0.588974288414786 0.794658172151462 0.779148819608463 0.705380528395611 0.748039697351752 0.741663098617086 0.74362396318502 0.753692953153396 0.757140081916007 0.769627698216919 0.768919300741219 0.853370056673884 0.818075888831561 0.775425713267416
-9999 -9999 -9999 -9999 -9999 -9999 -9999 0.257237650796142 0.273722743011381 0.318633138231717 0.275632163512037 0.27620363704971 0.265968512691189 0.250041727445906 0.24519952296291 0.272878355260718 0.27756680542052 0.285281586917868 0.289497147012323 0.356033522412319 0.317829129917418 0.32611433266713 0.406605256845784 0.45637518022659 0.354338190924552 0.3882298416821 0.458779685666706 -9999 0.572339724653822 0.590374464930131 0.705679603070592 0.711637936916551 0.721135800688484 0.761746696467008 0.632230928934519 0.611353032824731 0.79952933431274 0.749734948233304 0.881482234063675 0.772256743256453 0.752683063565618 0.74950666571396 0.77368255771687 0.77937788142808 0.761505798911852 0.795196489473837 0.807780824310672
-9999 -9999 -9999 -9999 -9999 -9999 -9999 0.232314036522131 0.263938880013138 0.294431216351706 0.288387029967164 0.262194769426891 0.263408889289842 0.248602149739183 0.246394951604803 0.309569541251256 0.283800245830855 0.298423031951489 0.279620327366671 0.296655235190106 0.302165928197379 0.306556269518209 0.3256240495312 0.324823424870911 0.407674104428134 0.378378360009072 0.406216851643514 0.434102546516858 0.490829096516582 0.531178068339831 0.590984123351432 0.589901415744066 0.629291930103822 0.734761201663101 0.638038237321663 0.69073456603317 0.78233003219812 0.782809839390225 0.713090257827696 0.778101954262857 0.774018902766024 0.774725653658561 0.785577119437367 0.801031827666339 0.792790527664213 0.796603664623663 0.820971595162369
-9999 -9999 -9999 -9999 -9999 -9999 -9999 0.21871857942229 0.275386869209818 0.278584576600302 0.295070465460154 0.259424669239255 0.246492775565687 0.257607143434814 0.24283502091359 0.266092877333358 0.34095038733611 0.34016196394508 0.274302354852865 0.332854989040666 0.285487275475754 0.302861452273658 0.299948781483578 0.325172016215557 0.318580930933096 0.402358387943913 0.409435739573163 0.428501804680597 0.479720884450107 0.551192684854565 0.595461470711523 0.614836461823037 0.594063809094228 0.638414273554378 0.648831369550336 0.670443929572939 0.734835573817035 0.782564504178983 0.764862606136475 0.798710803643407 0.761908070995561 0.790290890280732 0.81061062263438 0.769990711260502 0.799455472698551 0.796986117360542 0.795909100045494
-9999 -9999 -9999 -9999 -9999 -9999 -9999 -9999 0.248763554315101 0.315338243349181 0.261401451096452 0.241484194684806 0.242678848832053 0.238830635075547 0.250630533991336 0.308795611632099 0.276879818809595 0.26867639808215 0.331728822001076 0.344938893714038 0.304490378476257 0.297232310573718 0.297503626509022 0.30660945621678 0.333442016452306 0.341345670615096 0.395466083368043 0.451434487198909 -9999 0.62645533881841 0.613660523213025 0.593930729713608 0.611076858961747 0.608913622650499 0.667383997490996 0.645578911120292 0.654424283145047 0.817700323738001 0.791013099956695 0.77444866182489 0.777162659579387 0.790363958697168 0.778800765330507 0.796982874674565 0.791016640256716 0.808261793868382 0.803462788546472
-9999 -9999 -9999 -9999 -9999 -9999 -9999 -9999 0.250483325771445 0.315481321215508 0.279348362764626 0.25049229723107 0.236449622316743 0.239734540864412 0.236254514956351 0.26181911679746 0.313787409201431 0.269076623580411 0.338547614280277 0.337281811983108 0.347821249391656 0.361332534502969 0.364659411738338 0.333365073857772 0.36696495738229 0.360998044937712 0.407352004663919 0.507326303671803 -9999 0.661518263437335 0.644095164139969 0.618713131267709 0.742148081168687 0.650750448910757 0.651153146368204 0.697149118149926 0.785293414851763 0.762135627455304 0.784286032743247 0.802757455882307 0.784963262836872 0.781924098953801 0.804652483374246 0.814348068512226 0.823701587420168 0.805859321483874 0.818486223741638
-9999 -9999 -9999 -9999 -9999 -9999 -9999 -9999 0.241638362094753 0.264593843089944 0.246998139240175 0.232802588741892 0.230718383076819 0.232643707764557 0.236440227538651 0.233312853473972 0.308801245583687 0.30685466103534 0.329374539468949 0.281050483689213 0.291308860458757 0.361613898389181 0.396236061988871 0.319987116292388 0.331134768271102 0.35250667268946 0.398877277205301 0.514473532246389 -9999 0.635015524727766 0.688043247353968 0.66317538091927 0.669166600246748 0.621154648397627 0.688878782548537 0.76979087708362 0.748187589889993 0.750013263457949 0.773367575827751 0.707656243091441 0.735289958665846 0.782250863419685 0.802817904374319 0.668261216997429 0.819861417589421 0.688841861818056 0.752253200447877
-9999 -9999 -9999 -9999 -9999 -9999 -9999 -9999 0.263143710169923 0.245768431913791 0.241645081908832 0.230366701720683 0.217924151956399 0.227892558356732 0.237459350210145 0.243988926709602 0.249215517759325 0.253762442312492 0.251312307798668 0.31261273684726 0.32509455796813 0.297049933881762 0.37123417847183 0.39625901815363 0.324931885700106 0.368340719314242 0.425718441764099 0.489009616850459 0.564604937764434 0.629349650341948 0.59200235069798 0.576570685762454 0.684083408376346 0.649164000288922 0.623778105894518 0.646428055126833 0.657177417891592 -9999 0.736643260935576 0.634924327487886 0.773929103366623 0.679360131757483 0.666276255728825 0.800096145149279 0.842905022882359 0.759169554057931 0.863611335646152
-9999 -9999 -9999 -9999 -9999 -9999 -9999 -9999 -9999 0.222322051156004 0.22682205252936 0.229363775981924 0.225229921410071 0.238039489473523 0.237210240554056 0.233028392834283 0.238670427355597 0.244681245206007 0.252770836323872 0.304332654630843 0.272214181369704 0.295836037256714 0.294811003899938 0.322895514271209 0.329038794433739 0.385434256821568 0.418347350051864 0.517090099370093 0.503412579944318 0.607461222199254 0.564443279291626 0.643329373683899 0.746173683330292 0.642049533720321 0.688743570052161 0.642464818541947 0.682367157621808 0.719642231840702 0.643633297134105 0.681818532318091 0.641400778798931 0.651965379285325 0.792383611524071 0.702563235734314 0.833419982573011 -9999 -9999
