Model-results/Envenoming-NIMBLE-model-SI.asc
NCOLS 53 
NROWS 93 
XLLCORNER 376490.070567719 
YLLCORNER 384721.488324056 
CELLSIZE 4595 
NODATA_value -9999 
[rows 21 to 41 of 93, columns 0 to 46 of 53]
-9999 -9999 -9999 -9999 -9999 -9999 -9999 0.825182746857731 0.783299317240178 0.768047902989687 0.860284207395646 0.840279971229065 0.838594837884294 0.811213329895221 0.844136817939419 0.843225266152548 0.832432848456808 0.847032027384661 0.732497823227808 0.826715024812785 0.808813398526555 0.804093459188287 0.81676444033379 0.83551826339824 0.808057150497968 0.789658847994793 0.828676962156437 0.744972346668487 0.720869068341829 0.688068410203598 0.801047004640411 0.759859745049031 -9999 -9999 -9999 -9999 -9999 -9999 -9999 -9999 -9999 -9999 -9999 -9999 -9999 -9999 -9999
-9999 -9999 -9999 -9999 -9999 -9999 -9999 0.771378184119351 0.748611327950611 0.731006869754306 0.783229317988097 0.833346783857768 0.79290131659179 0.820957836581015 0.856038230795757 0.73335078947218 0.857419477476163 0.803273267532925 0.865427480440378 0.843863139798265 0.868933792937454 0.802343384041159 0.718745114759757 0.816766456291399 0.846374832786923 0.780745786405005 0.811547790352575 0.67471555097681 0.676527174888504 0.70014286957401 0.780740771347655 0.723306256411314 0.769583040971082 -9999 -9999 -9999 -9999 -9999 -9999 -9999 -9999 -9999 -9999 -9999 -9999 -9999 -9999
-9999 -9999 -9999 -9999 -9999 -9999 -9999 0.75155778320667 0.746110246433198 0.741322802011437 0.813674438638611 0.798602414719411 0.842593307234627 0.824047715529827 0.810917503715462 0.814791103124338 0.823467172407481 0.863525538585935 0.796130056974229 0.8303456326193 0.854061037577033 0.801770337185849 0.783243084700751 0.783212062475268 0.795185430458103 0.808332717993121 0.730227116913824 0.661007363882227 0.673781616906472 0.787855719153603 0.807523445923212 0.810919065139489 0.755211105838539 0.859281537299812 -9999 -9999 -9999 -9999 -9999 -9999 -9999 -9999 -9999 -9999 -9999 -9999 -9999
-9999 -9999 -9999 -9999 -9999 -9999 0.820882841637574 0.780416630048462 0.720074597753762 0.72385192985261 0.840156896829144 0.822979880929635 0.793183814344837 0.833615650213769 0.817489275237685 0.812457457164159 0.816141085670242 0.828298574252048 0.747440725513426 0.723300874198485 0.753625530837264 0.689908222060073 0.814274459369577 0.793628087225008 0.793090288509446 0.78025946307462 -9999 0.654935582265992 0.652801945297083 0.786434003665065 0.765417698171824 0.733159890376775 0.806513151155637 0.819395511605404 0.786677841240962 -9999 -9999 -9999 -9999 -9999 -9999 -9999 -9999 -9999 -9999 -9999 -9999
-9999 -9999 -9999 -9999 -9999 -9999 -9999 0.767192571662091 0.870136896478101 0.80091462224641 0.838814326196151 0.824672046889627 0.802463492184308 0.835262798940049 0.824708892199683 0.846432789174913 0.810661810287353 0.809442373968924 0.837372951114174 0.642216877472734 0.647487230126603 0.684353247868234 0.823908550523101 0.79164979790472 0.756748116335868 0.750826358952788 0.741833770184413 0.730262141869069 0.75432891082637 0.759327168658269 0.769828362462511 0.77698233393783 0.780282628943026 0.810277986995543 0.825324210295584 -9999 -9999 -9999 -9999 -9999 -9999 -9999 -9999 -9999 -9999 -9999 -9999
-9999 -9999 -9999 -9999 -9999 -9999 -9999 0.803405216632495 0.821866976283451 0.819391704625383 0.813845505050258 0.81632583134253 0.819969795994978 0.770199374600818 0.826614421321229 0.798063710009987 0.761839473870186 0.769630212059314 0.8062180779477 0.658959906246351 0.585354493091135 0.694540458940148 0.742666322211559 0.762588633508972 0.67105348896956 0.746111698713053 0.741029991223602 0.746635890586127 0.724262022530219 0.770626277195994 0.737498466535044 0.784871637878798 0.771268942440184 0.798712087295764 0.779981306453706 0.887658156659572 -9999 -9999 -9999 -9999 -9999 -9999 -9999 -9999 -9999 -9999 -9999
-9999 -9999 -9999 -9999 -9999 -9999 -9999 0.886714377841632 0.868278320846016 0.810319822279099 0.808684337669589 0.836027114050875 0.849375772384988 0.773204221372116 0.775221088080095 0.810169546359974 0.807577007306812 0.834318733345319 -9999 0.700379395671352 0.752111317295428 0.786106737711143 0.772626294232553 0.773460534216478 0.787489248652654 0.733213098988041 0.75555925347552 0.748247266696064 0.763310661200367 0.761149073117623 0.789265903669302 0.737414626908767 0.811164168512284 0.825852551309589 0.815737602063858 0.829008784230212 -9999 -9999 -9999 -9999 -9999 -9999 -9999 -9999 -9999 -9999 -9999
-9999 -9999 -9999 -9999 -9999 -9999 -9999 0.920815498163646 0.857166721320695 0.824870851680235 0.832776618031551 0.82724727879599 0.82075171281277 0.774244761729435 0.803789273184868 0.788415552103418 0.786258502265358 0.822908444061497 0.791051658873257 0.683817422349491 0.774335612364774 0.667177118215295 0.719989830410253 0.758870375696505 0.712009731431674 0.764147855515287 0.664826633778834 0.747219619144063 0.726425027747071 0.771243962846342 0.784067205805842 0.767240101327352 0.78718325334907 0.85399439464878 0.841524037050736 0.908349112198071 0.927096646661729 0.984457127925983 -9999 -9999 -9999 -9999 -9999 -9999 -9999 -9999 -9999
-9999 -9999 -9999 -9999 -9999 -9999 -9999 0.872710667431184 0.839338373916229 0.850685407269596 0.816641896435565 0.83258786110296 0.801105563156447 0.775519962711588 0.723721121103242 0.79461830387602 0.751189679452436 0.822145060071877 0.703441041839796 0.697187538770362 0.764155183040036 0.628361247951061 0.728025573803585 0.716673816327787 0.763997549551889 0.724752622177779 0.721620506350767 0.736279321177898 0.718836719543688 0.759322976371044 0.676520316200501 0.752470282388062 0.682559615688214 0.839176191795968 0.824245560004966 0.928732418299016 0.893980325862997 0.816093715106316 -9999 -9999 -9999 -9999 -9999 -9999 -9999 -9999 -9999
-9999 -9999 -9999 -9999 -9999 -9999 0.977299850232776 0.800273254644475 0.869881513665821 0.832052296421863 0.825694607873672 0.801426763594684 0.796911502666211 0.773195262953815 0.7566779856121 0.796664823430317 0.802281696224653 0.800968878030572 0.683316970022225 0.653631063636183 0.679265912871844 0.707301967278184 0.63222917698657 0.633385991818631 0.710729337146505 0.743991970615242 0.729361009896593 0.741317408005635 0.737862970139224 0.795372781921899 0.745400542958835 0.776210894612819 0.802692889542149 0.803465037990499 0.853964697556045 0.867605420211959 0.661180294535862 0.854273321818375 -9999 -9999 -9999 -9999 -9999 -9999 -9999 -9999 -9999
-9999 -9999 -9999 -9999 -9999 0.936082369188979 0.876184832307638 0.874968538334461 0.863654951143015 0.839663988849917 0.788343853011311 0.834073875129501 0.785883675448878 0.795274958541243 0.747185238311817 0.687001683822111 0.790125143145914 0.796694716904094 0.724972450816725 0.764093431094526 0.646779409521932 0.706802025695817 0.645803728493226 0.721694567282409 0.733335421286331 0.702934010105896 0.742392896975296 0.724758305041324 0.746662896665623 0.785824624895699 0.744878531441963 0.777933595443981 0.782903073806661 0.821818923886135 0.85108948514072 1.00213436832027 -9999 0.943324105907349 -9999 -9999 -9999 -9999 -9999 -9999 -9999 -9999 -9999
-9999 -9999 -9999 -9999 -9999 0.923808447574906 0.881397045069695 0.852549745277327 0.833781771883925 0.816146675772513 0.818683074151935 0.823158867131008 0.829247724848789 0.743021479703944 0.759503766307342 0.703646447089826 0.810059904721552 0.708066470809657 0.76765668751249 0.699796326263328 0.694784790570899 0.732151732153122 0.674649619227825 0.657279572537242 0.645102681648375 0.609857367455754 0.635149458169231 0.656348234051472 0.710519843477212 0.766860423876684 0.774830588167314 0.75391493902719 0.777624810652317 0.803978151668214 0.748833474050083 -9999 0.673297503538462 -9999 -9999 0.75147288693657 -9999 -9999 -9999 -9999 -9999 -9999 -9999
-9999 -9999 -9999 -9999 -9999 0.876761310715771 0.868659244876878 0.884321416868898 0.834171127702876 0.827872901956313 0.799427605205541 0.830976949834807 0.813958851181377 0.770697952722286 0.753234603377991 0.814088641598837 0.704021098648289 0.743511959078747 0.678683432287732 0.714405431751336 0.688292425051113 0.705994478061879 0.68441296165395 0.650280119052302 0.685581620724643 0.63138144128295 0.671029912058877 0.668556653344668 0.765534522972987 0.774165175748122 0.756198480700832 0.773450553744833 0.746614442136122 0.843549877054578 0.690030018183748 0.806110055366464 0.80583860147526 -9999 0.676496833751141 0.715678970333439 0.723621606256822 -9999 -9999 -9999 -9999 -9999 -9999
-9999 -9999 -9999 -9999 -9999 0.854490326952974 0.846912763761712 0.814914787250589 0.828590610423606 0.814003402790551 0.835754526952975 0.809724945774221 0.858858895311932 0.815653261986842 0.862948360432284 0.776611979640689 0.735170521572308 0.706216564115779 0.726278697768224 0.713598231687719 0.683885656677697 -9999 0.688208842917539 0.675537120511811 0.720514071227805 0.745555643334284 0.68119138201382 0.675900483459729 0.773109988888378 0.769428771682274 0.741381832153163 0.767087654239063 -9999 0.717225501132245 0.721450438846284 0.81185051569693 0.848911457183314 0.814035269688195 0.806300353411605 0.719879989781177 -9999 -9999 -9999 -9999 -9999 -9999 -9999
-9999 -9999 -9999 -9999 -9999 0.904074995699582 0.854333576834551 0.836043465287716 0.840928002030375 0.821373272316555 0.825084956297844 0.831339477854023 0.80666575246736 0.770642636231435 0.69970308009939 0.767169902875939 0.693842342388365 0.614004395606261 0.560455992025207 0.730175952175538 0.650191129633055 0.687392023578701 0.749318922141795 0.723436196723815 0.689664676686603 0.71266087270051 0.671157032102423 0.80640125305566 0.740065450235101 0.782705019837525 0.766904037775097 -9999 0.621156277131658 0.728417002116857 0.696554650684622 0.861320516769709 0.78870772550455 0.72689889323592 0.828384121438069 0.794281450250367 0.762278645782848 0.764612476214638 -9999 -9999 -9999 -9999 -9999
-9999 -9999 -9999 -9999 -9999 0.879491530394433 0.91498258080922 0.837278324811955 0.818345370629456 0.799771395599802 0.796124494806915 0.806300844963628 0.736661552469957 0.730577592593674 0.745528951118442 0.719250911001875 0.719239722340964 0.603543688067913 0.624980046264667 0.735192227952302 0.732137187896847 0.875341797016543 0.839845871752202 0.758173335647561 0.698787233524727 0.708232520692992 0.711147737524756 0.800412602249759 0.798814207373396 0.775733908920329 0.815148817077043 0.788450279784784 0.697674981461476 0.737112540271948 0.758127800869749 0.828843608687891 0.767478464611194 0.766773881841013 0.798637496456101 0.778904296186804 0.831625802831774 0.779602989770963 -9999 -9999 -9999 -9999 -9999
-9999 -9999 1.13855927608647 -9999 -9999 0.904223874986881 0.807275049005178 0.862823310834153 0.776316405928957 0.795732229756233 0.793387423825073 0.852753375963612 0.726618531959389 0.729925373163454 0.766387888565333 0.748247317666793 0.742954087866058 0.717786110395667 0.696423107679002 0.715504246896878 0.731391011385568 0.816609176002872 0.725812536797345 0.718903154108154 0.747117694280987 0.763825322720316 0.704396829216133 0.701495151706585 0.766504159666843 0.763537042191678 0.771555916544174 0.795460691217056 0.79031589611054 0.781249232978367 0.731619176220241 0.799417957202185 0.8304323734829 0.756407052331547 0.766019147161667 0.742323508514876 0.801298348867374 0.766409326433813 -9999 -9999 -9999 -9999 -9999
-9999 -9999 0.842637368497211 -9999 0.730530554965705 0.727360878436262 0.872934689871004 0.834900195598201 0.885863432260302 0.782061881787678 0.801058392292112 0.716202521056945 0.706479530494394 0.755312027472918 0.771441063522988 0.70956991158196 0.732166915881444 0.729318946037647 0.735019744450005 0.751906393082109 0.822226718626402 0.784342667392998 0.74778504208323 0.796096540802561 0.80410860016261 0.721734387066172 0.710537309713051 0.775647082089751 0.806333465922786 0.799161860106547 0.764783196191223 0.760781297353842 0.769948956307608 0.781831815933258 0.705583394356212 0.683840381831771 0.780912832347628 0.77144208929171 0.776692881326976 0.771625612666899 0.774225949972192 0.809357626683101 -9999 -9999 -9999 -9999 -9999
-9999 0.659527145948227 -9999 -9999 0.712108281466015 0.881425199252001 0.76039156883017 0.858643027857363 0.795522557151025 0.860434278803842 0.718873938569528 0.674253676380035 0.682765771278746 0.710117157817853 0.697019716747249 0.767872846780932 0.705419328995896 0.766657777895048 0.679793174626009 0.788931964820565 0.76244374957546 0.731648510691901 0.795569224248926 0.865730166273966 0.785387326919563 0.727404433006633 0.757853423452827 0.850243603306536 0.817400913080307 0.81067204115127 0.800572791679005 0.757215641019521 0.711690858320793 0.696901106149059 0.704425676101986 0.783605661236227 0.781126743631131 0.818197103461691 0.792453583117077 0.766376980740219 0.798031998877416 0.803182159453298 0.841627329941444 -9999 -9999 -9999 -9999
-9999 0.817868482408454 -9999 -9999 0.810649054311586 0.876312679357908 0.845324601829324 0.786188478713561 0.808816141733007 0.832781302065339 0.739435084520459 0.681709799793791 0.686966234664007 0.641817874780854 0.664369429268498 0.673575201899878 0.738653329625401 0.723603779407502 0.716447181344161 0.796417049988095 0.858735768430077 0.724568592726055 0.875672886186054 0.845812056803853 0.868354878894505 0.861537359947476 0.854853815163733 0.832918682103473 0.880961601572028 0.843565583451076 -9999 0.708638399343372 0.665307631624912 0.667855287884099 0.775479918560269 0.761033416774036 0.77433196815973 0.824655589583083 0.777322324329862 0.773533880387986 0.7346959126619 0.831371079640558 0.816929803182451 -9999 -9999 -9999 -9999
-9999 0.729738428055903 -9999 -9999 -9999 0.813916534121808 0.839196345557958 0.888371363905648 0.746559727807653 0.877419573316556 0.744484686672305 0.7395071574157 0.691171999312386 0.752949959866535 0.720024896938371 0.665458683721079 0.668804479650713 0.727752002567174 0.725377674084547 0.727187419639949 0.697192987985015 0.833212685708229 0.893511522318855 0.82909355384403 0.840559954062011 0.839962842397542 0.851717443796404 0.847401421341892 0.820630617907375 0.818745655096325 0.801843762038506 0.700050826235199 0.742542860850508 0.738758807054264 0.700610938648233 0.774226599739185 0.634394016538426 0.792550934463361 0.758450468659286 0.798703490136397 0.783156027384933 0.827906395757065 0.794451521164173 0.903358640648799 -9999 -9999 -9999
