Model-results/Envenoming-NIMBLE-model-SI.asc
NCOLS 53 
NROWS 93 
XLLCORNER 376490.070567719 
YLLCORNER 384721.488324056 
CELLSIZE 4595 
NODATA_value -9999 
[rows 42 to 62 of 93, columns 0 to 46 of 53]
-9999 0.828905872203274 -9999 1.01177414777009 0.782392930346519 0.796341696986335 0.784894064385339 -9999 0.8582849285698 0.79923973817337 0.752609941496633 0.742175346307094 0.722471654899526 0.704101426871293 0.682703457916511 0.648191680170257 0.67977301903706 0.703312107544003 0.708307599508003 0.687170523876771 0.691010756750299 0.766417932670037 0.755724207229325 0.784568814949679 0.921512324109826 0.898493594845448 0.823105953421776 0.875168769269081 0.713230588810461 0.676885504628523 0.787502057230683 0.678834944344362 0.763890691579679 0.7651930622602 0.695373593276765 0.771012073538508 0.684882913168977 0.675953439322197 0.696089149250586 0.784758555849036 0.792410587773797 0.79580203818411 0.887094700652932 0.78498318169798 -9999 -9999 -9999
-9999 0.816625107094394 -9999 -9999 0.785678949221202 0.753777650180318 0.857355285462041 0.868815798559449 0.800896584446566 0.821258572171058 0.804463025829974 0.707541905551161 0.689362022173502 0.710976066792223 0.690834418622533 0.716129976516557 0.672785665869192 0.766715992353053 0.671953215415225 0.675820210066599 0.685448944445863 -9999 0.753919116173906 0.840526898305116 0.914742132656674 0.877063505532741 0.760645874076759 0.732855036080083 0.825649435673919 -9999 0.789819999783701 0.75008459785874 0.72326506775267 0.748763981414542 0.702401719600544 0.757469593136166 0.648078406846221 0.657049460407674 0.69582158545738 0.704965376223819 0.693912826937188 0.748628354146223 0.895888353550762 0.833760617289576 -9999 -9999 -9999
-9999 -9999 0.809479957687396 -9999 0.726317820455249 0.691732484698952 0.739047769762995 0.69860553178633 0.688998602255037 0.649242367756224 0.696368131048288 0.677317504366014 0.680894731024817 0.680304074215698 0.715467847613948 0.658562591748948 0.669876125377461 0.663527619067882 0.783157412554256 0.672808144474906 0.716087934673361 -9999 0.796065517311318 0.823958701183363 0.916115932171879 0.839332521690507 0.865846956387901 0.834673532227084 0.843282353045846 0.814262403436488 0.782685143136213 0.704693669924613 0.700364349256284 0.720963914260557 0.713463272320426 0.746384347332218 0.664307719239936 0.652307389206106 0.686203493616284 0.680186792867451 0.714290350749446 0.735384691511495 0.766722302283233 0.766521498831315 0.891962717990511 -9999 -9999
-9999 -9999 0.812816021565135 0.742972241254488 0.68251369178599 0.709246939483726 0.648685503360678 0.71289702284935 0.67519512181413 0.70127823111316 0.682409778012281 -9999 -9999 0.697263918678118 0.67377667361182 0.707875502024568 0.647072835786106 0.72955490586935 0.668922999801914 0.668628707538777 0.784778677631293 0.730671959939468 0.79399842995258 0.774602420356837 0.806591531905363 0.831395609306438 0.882193375308617 0.867034017148668 0.83708918543135 0.721389980571851 0.789378647679045 0.755194343621406 0.606782729682789 0.66662237411529 0.7931912879525 0.738414880793795 0.691359265979693 0.698537436391142 0.679273332274153 0.816060647760203 0.683844511882076 0.76706890811291 -9999 0.826608901509926 0.700343135194828 0.86432561059745 -9999
-9999 -9999 0.918095361782589 0.741149945999718 0.766990059751231 0.760386334094451 0.708936070081719 0.718463928608562 0.682876089997483 0.681557401926639 0.693658784729937 0.703885546652858 0.695651508204929 0.655293728633491 0.663756361369282 0.661335606456259 0.665906366296305 0.673515242943963 0.61895636596035 0.718511004876434 0.688898195709591 0.710851028086508 0.700603182853967 0.775183827202278 0.821055188198153 -9999 0.91088600046965 0.841450658086751 0.853585529728584 0.734093433096078 0.741377069744951 -9999 0.630786815630703 0.698726877525495 0.754616816560729 0.678847195892803 0.642465322394797 0.718076163630769 0.883662282630801 0.781590339108064 0.806617874494162 0.8347689666359 0.794807169911061 0.72956767613835 0.669955216463308 0.699988551330924 -9999
-9999 -9999 -9999 0.801613842396549 0.711134154708948 0.776005632392359 0.696687883038573 0.697806883909912 0.659601313328994 0.666600375917654 0.687754068579414 0.671920415743272 0.676579886744547 0.658654054317528 0.629216606400508 0.624301244336727 0.612462489255793 0.609850790806144 0.583793176597687 0.675828559131508 0.719658204305351 0.801142294703104 0.72108444508251 0.661202633864088 0.816143148770335 0.839189632546755 0.781629079969149 0.800398649100652 0.697210371733519 0.689836444039443 0.781439768338956 0.768585405123548 0.786520106623081 0.693348010630092 0.661179723499109 0.749362366860462 0.630694429958446 0.678958646786397 0.737516123718321 0.703396634081123 0.755582851939884 0.744767829130531 0.740556040234057 0.765924596883789 0.699170991327033 0.6892584188155 -9999
-9999 -9999 -9999 -9999 0.752099850530013 0.707348890640833 0.712478513521106 0.690426916532892 0.661804195292278 0.664828894963191 0.654228811903295 0.646944734733157 0.641099282652899 0.628112132241142 0.592921563448893 0.559100628649551 0.5576082515961 0.530304791104806 0.536986252485001 0.638777416989313 0.707702524445951 0.643581130048009 0.712409632352648 0.719393913818808 0.801365030970165 0.761390628718505 0.803807479991525 0.795364460935395 0.714170078772604 0.808242542589139 0.765877364125713 0.747517779069398 0.684967085271442 0.774350618876357 0.738632011857394 0.666757347538043 0.606426882801577 0.67943570403185 0.745985214551572 0.72180694774848 0.809672774557592 0.701917199240299 0.808790949086605 0.802385733017681 0.755897484995924 0.609920659378999 0.660263586823379
-9999 -9999 -9999 -9999 0.694796925918096 0.661591035284786 0.656484245930289 0.660543771277365 0.655596383657817 0.62498473620741 0.604681428261916 0.602068796417691 0.589271709343472 0.579280338716902 0.538577753455841 0.509803475982578 0.499443888013425 0.481222926492618 0.480433929341675 0.515254638433276 0.518864335375407 0.511020161191366 0.673370955534868 0.668967985454208 0.719006702127897 0.742681676841303 0.780103447587351 0.684429457819174 0.73132215179385 0.730609391236826 0.74309850348896 0.725159603236968 0.660540079505951 0.73886027359251 0.666679691400816 0.625054282330646 0.646623024125916 0.637736242469075 0.658289102790026 0.62977580545728 0.646997768080443 0.707630577510154 0.687784851774929 0.844008597232777 0.675082728701058 0.719988460720579 0.6327736537077
-9999 -9999 -9999 0.840580954699846 0.673572984580528 0.648862203040559 0.64970292532116 0.637117283523437 0.60382196904772 0.586485565934431 0.534167785583454 0.510258404136496 0.516566323934665 0.498043330637994 0.468628640577631 0.458041305089105 0.461026488287159 0.45857896355614 0.450478119391714 0.464547724265659 0.426289814805654 0.476095611768952 0.504810603524786 0.569503945147249 0.57287606321364 0.615705479206682 0.702229308100095 0.774822911568934 0.759961886442141 0.711601885633482 0.710033665947706 0.723226599459704 0.659942494126342 0.702757574883103 0.658223971107035 0.665263227276896 0.583648922321276 0.570349220544883 0.713239401298207 0.643020875622627 0.725836851627781 0.633453237053115 0.694238308997868 0.644395493661774 0.738296922864815 0.716381300648092 0.75201744079689
-9999 -9999 -9999 0.783096331525514 0.670907074599923 0.63725198923268 0.633214088139289 0.593371213935812 0.553556474656342 0.521516714118216 0.505485424584995 0.478804239414919 0.455086407887326 0.438056767859613 0.421300295469883 0.426845707921507 0.421990250137972 0.398290645838436 0.409301605659287 0.420019905006726 0.450192234817273 0.439571642473502 0.482968315106653 0.598660029761236 0.604984690088332 0.546368472620245 0.574553533649086 0.704543251987474 0.694437680243029 0.67998642040744 0.722976210256329 0.720038618068061 0.636027702502427 0.692460626044073 0.63900703551061 0.651469710364328 0.535678122413585 0.568029387758479 0.622935019878728 0.690233368181772 0.625960080015773 0.668102372706443 0.701584419464046 0.712266338533837 0.690474915595768 0.74133808298724 0.71597153099231
-9999 -9999 -9999 -9999 0.63525221264181 0.60041065613789 0.582493112042348 0.514919052424165 0.497104175401079 0.49138867071733 0.45691320565368 0.44018185973788 0.415981979419245 0.421592699286094 0.400597011470288 0.389297078860662 0.37007999382501 0.391714953644284 0.395981833183257 0.42043106257227 0.42392082214203 0.538948339950522 0.540034050912872 0.586327722564811 0.60766065446687 0.635817014962229 0.645580991823057 0.684462272186746 0.679071656072401 0.69981023174949 0.696912554437866 0.736225203049703 0.658041014178289 0.653233810715994 0.634785332061433 0.531791025819633 0.550946211279665 0.548780032556574 0.684979247009074 0.607898929630667 0.661440382074069 0.633119473515663 0.645386615597371 0.619581662964464 0.707553147891046 0.671623900555806 0.663675563810165
-9999 -9999 -9999 0.67861943321085 0.648298284343458 0.592606056368806 0.52986698719122 0.500397287666639 0.462526168113646 0.428569574280501 0.416603674976984 0.404148693020188 0.403210993824303 0.378237458379303 0.360015816426728 0.375645538686635 0.378507696496362 0.400631636136837 0.417893153804095 0.40804474788883 0.424502371471731 0.549653374525143 0.486996210530534 0.5157080100981 0.584943924973344 0.628245914438485 0.535191578841923 0.622469820275749 0.741849311000745 0.678554856388883 0.623684311533323 0.683600994090561 0.646192313610707 0.667656777964541 0.675727406621496 0.619933011782332 0.602484194064279 -9999 0.594625796317024 0.628398912668996 0.632314936024101 0.634222030752877 0.625574555104421 0.637178588749083 0.599836441773919 -9999 0.659844213163775
-9999 -9999 -9999 0.73110803178088 0.569341656684836 0.56509541010713 0.487418238752669 0.468239459503554 0.430844348459373 0.42433645818869 0.394533856697376 0.387038135698752 0.369097008414794 0.373702587921399 0.355868780682859 0.357796379837213 0.362671825810072 0.399916079105888 0.422482804780053 0.404306383791368 0.428531740982496 0.513336194066979 0.48529672556433 0.57086928269588 0.571740369935826 0.530671373709886 0.603235619951126 0.641772809002324 0.688737128196616 0.679591117646471 0.598475528116796 0.673478627406071 0.610014618792068 0.605066964146263 0.670382979636542 0.596644361335601 0.572581847601491 0.553471093049123 0.56942430704057 0.551552228060705 0.607960140310324 0.576350126309313 0.580021806161949 0.61519194139606 0.654422015913693 0.594916285871996 0.605954005336596
-9999 -9999 -9999 0.627613559357316 0.547054384052283 0.505484446796014 0.482085387398813 0.446988955590917 0.444246441866118 0.392212609317099 0.391056832681384 0.365190712183289 0.360676981459968 0.354601758049032 0.357209984026425 0.346670077129361 0.351147447685286 0.3672463874894 0.393710352032891 0.435022466588235 0.437687603277473 0.526325444216494 0.445739827712048 0.517441658069879 0.528054166203636 0.578867041874938 0.536022649735304 0.610612558399585 0.671764102599053 0.659825034651584 0.611966553621023 0.670006510460905 0.641312276479983 0.628459178872538 0.592530192155017 0.539644461175759 0.630843432026741 0.584182949572644 0.516766703430266 0.556770923317313 0.519594626632431 0.608742881722623 0.591545053714038 0.601910554109255 0.59681033672736 0.625931054918406 0.666315635658782
-9999 -9999 -9999 0.674322410032141 0.436644673899562 0.533118034137027 0.455090268411487 0.429523256302952 0.365493558206382 0.342921456833914 0.375567773550058 0.358208283396452 0.365115161156511 0.364679386783218 0.356967285813699 0.345814909359807 0.291804414653917 0.357243620543063 0.380526013379167 0.430190325777443 0.445748562562338 0.487713233545012 0.454202531593772 0.454458276558367 0.533809602837458 0.622083268593243 0.595835791165403 0.612545315546662 0.632031887366463 0.660622542058116 0.617845442702787 0.684992678723063 0.665471299954015 0.61043752494841 0.652466370926897 0.652966327301383 0.625199385328245 0.622928986834967 0.597575872701197 0.477571997415547 0.508590861201914 0.603329165238795 0.531647097263967 0.559168458749761 0.606390857737973 0.668033288700436 -9999
-9999 -9999 -9999 -9999 0.473845168290226 0.472477190109514 0.45619227531385 0.41537386265545 0.386700166769288 0.357725933887638 0.368292721891418 0.35540788368744 0.355075038853915 0.342812406888948 0.348552513570038 0.348911544248571 0.345890562019526 0.401969965642435 0.413060959116218 0.390128315439965 0.431954884571255 0.490865122669678 0.435896996116664 0.43534925227981 0.566540689523213 0.812931793908429 0.672314677002128 0.616022423672545 0.673840009964996 0.657149177752333 0.633313641230984 0.656353400516697 0.625541798648185 0.593320781231075 0.546839298699789 0.637476288159909 0.632725315171474 0.588845058753135 0.51302054102461 0.570965885253597 0.60626660104259 0.682234318731136 0.631393978093021 0.687725276340393 0.72522991325963 0.64542535797214 -9999
-9999 -9999 -9999 -9999 0.43147490243764 0.448083563458987 0.454789357875614 0.44930514658442 0.391192386525926 0.36314160853548 0.357645206755845 0.344516530081419 0.362382403641181 0.332973443272725 0.352046523602806 0.350015017151947 0.380328946002504 0.390819316352511 0.41878824620054 0.387887588842869 0.419400297426164 0.471257444483298 0.400874440332717 0.462458789115355 0.539704622736723 0.80211892330063 0.637137574165667 0.687305689071478 0.653123297481467 0.666997044750069 0.572616346646068 0.617141199352295 0.603453329914735 0.66685477501757 0.644494729800415 0.664227226944253 0.605827527017749 0.598356429609812 0.55075294290809 0.59656173680808 0.54986626717056 0.642901601193894 0.645343259557094 0.618173179094996 0.589545603726243 0.577782158007742 0.594916302910168
-9999 -9999 -9999 -9999 0.440067257878953 0.404701971585511 0.426180842491749 0.408478753424698 0.365369972866147 0.35438789020217 0.336726803096378 0.310195850633319 0.32358796164926 0.332287616968801 0.365695231079706 0.327801105966259 0.368030854515962 0.38619305389111 0.369883392192305 0.442669101868564 0.381477931733302 0.40282085053277 0.413940087406614 0.453886475352597 0.44916021610592 0.568950653894221 0.617998525487085 0.668072137086053 0.672954383796156 0.681960185325524 0.677881491025512 0.623166959626604 0.575937590853767 0.577852812405251 0.590953757404476 0.531188157902267 0.619719474022924 0.587979952424017 0.609847691675635 0.609041300554224 0.614396083992927 0.613739805010439 0.648864633287191 0.664864756078821 0.610922751289829 0.690687623708814 0.681764504109744
-9999 -9999 -9999 -9999 0.464337389574712 0.431035366761063 0.406676222097588 0.394029760839849 0.343356342646972 0.356933883367225 0.331425368266906 0.321955837992258 0.315723571493494 0.311342463198266 0.359116034658556 0.332737178627372 0.370139055775864 0.33946454073971 0.371578733491039 0.414822197389852 0.396312915228851 0.391748581663994 0.39126964068501 0.356309854143037 0.40949461300607 0.453777775715303 0.509608427118727 0.573031073058604 0.657394241009494 0.696475241931038 0.638667432976098 0.656200588088299 0.541836977646432 0.614733200027192 0.535367219719408 0.598515717138388 0.57700147659326 0.525999679905957 0.585000214577886 0.618902087062494 0.629565914152156 0.522868641883707 0.623417976504176 0.649251450407124 0.643945686619957 0.68301369464043 0.728709059899035
-9999 -9999 -9999 -9999 0.476372291428197 0.393803414982458 0.392120500334516 0.345078111819298 0.36955060394651 0.315908960732122 0.295601184330523 0.287632163305685 0.302368892512032 0.284385920474594 0.323467373548083 0.35812219883976 0.341596679981949 0.345603230954212 0.353566125677572 0.390177804414041 0.365147278088373 0.419376655476957 0.43645502648862 0.470076767940573 0.429923111299477 0.494859516978889 0.514552756632128 0.593515255987954 0.667184621988095 0.668928794327743 0.650888965676311 0.636464319245512 0.597413580318015 0.5644380352302 0.512536744477595 0.570349708405354 0.522684983456218 0.60774300734984 0.635568151344796 0.602596499752948 0.604475877708941 0.618985491214342 0.619133214305386 0.676052322390274 0.664294494777838 0.712365187670701 0.582192273520785
-9999 -9999 -9999 -9999 0.470167557453682 0.414652665025088 0.362854522429895 0.341717929560408 0.299167721873945 0.29932336554104 0.279177906233991 0.275254611069741 0.277457875297654 0.287896412011377 0.316110460870352 0.343438658603915 0.34720756080349 0.345149243045256 0.374573819749468 0.362084887529122 0.430048207001839 0.415604152290445 0.428974636439737 0.591572364353424 0.577048229174224 0.556883085173557 0.605441214093817 0.670167240988187 0.650214913353152 0.558616157297049 0.623829670786022 0.659362350776922 0.534300955910702 0.50401732405137 0.57880440643347 0.623844323859432 0.604404641476773 0.631014018909402 0.632046014055244 0.609681079329207 0.642668674091831 0.637444947032329 0.635422943191818 -9999 -9999 0.665356504554491 0.644634416271158
