Model-results/Incidence-model-SI.asc
NCOLS 53 
NROWS 93 
XLLCORNER 376490.070567719 
YLLCORNER 384721.488324061 
CELLSIZE 4595 
NODATA_value -3.4e+38 
[rows 19 to 37 of 93, columns 0 to 43 of 53]
-3.4e+38 -3.4e+38 -3.4e+38 -3.4e+38 0.00133402715437114 0.0012554480927065 -3.4e+38 -3.4e+38 -3.4e+38 -3.4e+38 0.00372839486226439 0.00352881802245975 0.00385725940577686 0.00426685810089111 0.00416026171296835 0.00440126424655318 0.00459435302764177 0.00447868136689067 0.00475576659664512 0.00436669820919633 0.00415846146643162 0.00428852718323469 0.00434550363570452 0.00466743810102344 0.00381245673634112 0.00405999459326267 0.00440643122419715 0.0042827776633203 0.00430291844531894 0.00218667951412499 0.00127624825108796 -3.4e+38 -3.4e+38 -3.4e+38 -3.4e+38 -3.4e+38 -3.4e+38 -3.4e+38 -3.4e+38 -3.4e+38 -3.4e+38 -3.4e+38 -3.4e+38 -3.4e+38
-3.4e+38 -3.4e+38 -3.4e+38 -3.4e+38 -3.4e+38 0.00115901604294777 0.000383815466193482 -3.4e+38 0.002572808181867 0.0037954174913466 0.00410839077085257 0.00456595933064818 0.00446024211123586 0.00443291803821921 0.00431015156209469 0.00461480300873518 0.00473860371857882 0.00466090580448508 0.00478858221322298 0.00494064576923847 0.00513398833572865 0.00447047129273415 0.00428882008418441 0.0054095690138638 0.00444611115381122 0.00451467139646411 0.00412345165386796 0.0043337163515389 0.00434992741793394 0.00385287776589394 -3.4e+38 0.000814125349279493 -3.4e+38 -3.4e+38 -3.4e+38 -3.4e+38 -3.4e+38 -3.4e+38 -3.4e+38 -3.4e+38 -3.4e+38 -3.4e+38 -3.4e+38 -3.4e+38
-3.4e+38 -3.4e+38 -3.4e+38 -3.4e+38 -3.4e+38 -3.4e+38 -3.4e+38 0.00305949943140149 0.0030190791003406 0.00318885198794305 0.00389460357837379 0.00424580741673708 0.00400695810094476 0.00420636357739568 0.00457995384931564 0.0046511571854353 0.00439572567120194 0.00465897843241692 0.00481681013479829 0.00522899068892002 0.00527877872809768 0.00503308372572064 0.00504541583359241 0.00549194915220141 0.00499606132507324 0.00450972653925419 0.00379664520733058 0.00385766383260489 0.00386441173031926 0.00367913255468011 0.0013817687286064 0.00295556988567114 -3.4e+38 -3.4e+38 -3.4e+38 -3.4e+38 -3.4e+38 -3.4e+38 -3.4e+38 -3.4e+38 -3.4e+38 -3.4e+38 -3.4e+38 -3.4e+38
-3.4e+38 -3.4e+38 -3.4e+38 -3.4e+38 -3.4e+38 -3.4e+38 -3.4e+38 0.00328861270099878 0.00343508645892143 0.0032962232362479 0.00368105410598218 0.00453324662521482 0.00422544963657856 0.00397050846368074 0.00434171129018068 0.00460947351530194 0.00447460124269128 0.00464344117790461 0.00454836059361696 0.00506355334073305 0.00564672006294131 0.00563139980658889 0.00571870105341077 0.00580683583393693 0.00493323197588325 0.00462050642818213 0.00383971887640655 0.00424759741872549 0.0043365890160203 0.00387690938077867 0.0035383275244385 0.00300365197472274 0.00230497890152037 -3.4e+38 -3.4e+38 -3.4e+38 -3.4e+38 -3.4e+38 -3.4e+38 -3.4e+38 -3.4e+38 -3.4e+38 -3.4e+38 -3.4e+38
-3.4e+38 -3.4e+38 -3.4e+38 -3.4e+38 -3.4e+38 -3.4e+38 -3.4e+38 0.00280314218252897 0.00259756110608578 0.00338147766888142 0.00353205390274525 0.00436934223398566 0.00457568699494004 0.00416290061548352 0.00452154129743576 0.00480696419253945 0.00447093695402145 0.00399278476834297 0.004201156552881 0.0047456263564527 0.00445809867233038 0.00538909388706088 0.00561956642195582 0.00560938892886043 0.00501781515777111 0.00448377057909966 0.0036304360255599 0.00554988998919725 0.00466511771082878 0.00384586490690708 0.00363779324106872 0.00367000163532794 0.00367768830619752 0.00255585974082351 -3.4e+38 -3.4e+38 -3.4e+38 -3.4e+38 -3.4e+38 -3.4e+38 -3.4e+38 -3.4e+38 -3.4e+38 -3.4e+38
-3.4e+38 -3.4e+38 -3.4e+38 -3.4e+38 -3.4e+38 -3.4e+38 0.00184238841757178 0.00412638625130057 0.0035936669446528 0.00334856333211064 0.00347744836471975 0.00396873150020838 0.00451765116304159 0.00463656010106206 0.00455815624445677 0.00482936250045896 0.00468854093924165 0.00438797520473599 0.00409594643861055 0.00465435348451138 0.00488404836505651 0.00635477900505066 0.0061992104165256 0.0058158989995718 0.00531487446278334 0.00460986141115427 -3.4e+38 0.00474134460091591 0.00488406699150801 0.00377272861078382 0.00388980354182422 0.00379185588099062 0.00394022278487682 0.00375501508824527 0.00235192384570837 -3.4e+38 -3.4e+38 -3.4e+38 -3.4e+38 -3.4e+38 -3.4e+38 -3.4e+38 -3.4e+38 -3.4e+38
-3.4e+38 -3.4e+38 -3.4e+38 -3.4e+38 -3.4e+38 -3.4e+38 -3.4e+38 0.00308114266954362 0.00299820373766124 0.00456395838409662 0.00384061061777174 0.00442921835929155 0.00376331945881248 0.00418470660224557 0.00469620805233717 0.00430264696478844 0.00440676836296916 0.00497635407373309 0.00445848703384399 0.00463000684976578 0.00470649963244796 0.00580361112952232 0.00535755371674895 0.00599289732053876 0.00557596376165748 0.00493363849818707 0.00399725511670113 0.0041347574442625 0.0039339940994978 0.00351060507819057 0.00391457695513964 0.00381419411860406 0.00374679500237107 0.00367530109360814 0.00322268414311111 -3.4e+38 -3.4e+38 -3.4e+38 -3.4e+38 -3.4e+38 -3.4e+38 -3.4e+38 -3.4e+38 -3.4e+38
-3.4e+38 -3.4e+38 -3.4e+38 -3.4e+38 -3.4e+38 -3.4e+38 -3.4e+38 0.00226187845692039 0.0035644646268338 0.00403310684487224 0.00441377097740769 0.00427257595583797 0.00427784165367484 0.00449404027312994 0.00329374405555427 0.00432582292705774 0.00373781658709049 0.00380192883312702 0.00432829698547721 0.00488458946347237 0.00468553928658366 0.00568488100543618 0.00620987406000495 0.00567804137244821 0.00486239697784185 0.00501942774280906 0.00428721169009805 0.00433198269456625 0.00432661967352033 0.00374383968301117 0.00407126452773809 0.00380292814224958 0.00361136021092534 0.00394087238237262 0.00371603085659444 0.00345557252876461 -3.4e+38 -3.4e+38 -3.4e+38 -3.4e+38 -3.4e+38 -3.4e+38 -3.4e+38 -3.4e+38
-3.4e+38 -3.4e+38 -3.4e+38 -3.4e+38 -3.4e+38 -3.4e+38 -3.4e+38 0.00261167087592185 0.00338077894411981 0.00421925075352192 0.00450904341414571 0.00438633048906922 0.00397919258102775 0.00473854271695018 0.0042194090783596 0.00415910966694355 0.004079753998667 0.00414289720356464 -3.4e+38 0.00507745426148176 0.00445240968838334 0.00492619117721915 0.00566162494942546 0.00513008795678616 0.00487972795963287 0.00439612148329616 0.00406658789142966 0.00368824298493564 0.00366311799734831 0.00363254989497364 0.0035843113437295 0.00395641522482038 0.00409288890659809 0.00394594110548496 0.0038455780595541 0.00354948337189853 -3.4e+38 -3.4e+38 -3.4e+38 -3.4e+38 -3.4e+38 -3.4e+38 -3.4e+38 -3.4e+38
-3.4e+38 -3.4e+38 -3.4e+38 -3.4e+38 -3.4e+38 -3.4e+38 -3.4e+38 0.00304219918325543 0.00398120377212763 0.00430339621379972 0.00435681082308292 0.00449764775112271 0.00466628232970834 0.00467805750668049 0.00483120838180184 0.00409837905317545 0.00336432596668601 0.00437480816617608 0.00510835275053978 0.00485044438391924 0.00522622559219599 0.00616530841216445 0.00590561982244253 0.00496425293385983 0.00439587654545903 0.00389716634526849 0.00397227983921766 0.00364581681787968 0.00414604879915714 0.003720638807863 0.00349977612495422 0.00381345767527819 0.00422671902924776 0.00377496797591448 0.00394114945083857 0.00408909562975168 0.0034427372738719 0.00187572918366641 -3.4e+38 -3.4e+38 -3.4e+38 -3.4e+38 -3.4e+38 -3.4e+38
-3.4e+38 -3.4e+38 -3.4e+38 -3.4e+38 -3.4e+38 -3.4e+38 -3.4e+38 0.00319415796548128 0.00468103773891926 0.00414332048967481 0.00421348679810762 0.00415960792452097 0.00479560578241944 0.00464428728446364 0.00385547825135291 0.00434672366827726 0.00377688813023269 0.00433872919529676 0.0051778363995254 0.00452927500009537 0.0052052135579288 0.00651845242828131 0.00552612030878663 0.00548943877220154 0.00461388332769275 0.00412298133596778 0.00493264431133866 0.00450158026069403 0.0043172026053071 0.0035693165846169 0.00380030833184719 0.00419229362159967 0.00406387960538268 0.00394355785101652 0.0044584609568119 0.00432459963485599 0.00381970754824579 0.00142957153730094 -3.4e+38 -3.4e+38 -3.4e+38 -3.4e+38 -3.4e+38 -3.4e+38
-3.4e+38 -3.4e+38 -3.4e+38 -3.4e+38 -3.4e+38 -3.4e+38 0.00244195898994803 0.00368664972484112 0.00408924650400877 0.00428600609302521 0.00437660841271281 0.00456421496346593 0.00463029975071549 0.00467371521517634 0.0037933043204248 0.00407410738989711 0.00369995040819049 0.00450124172493815 0.00544278230518103 0.00492565939202905 0.00423535564914346 0.00461519090458751 0.00538150733336806 0.00552775338292122 0.00561837246641517 0.0047004627995193 0.0043862396851182 0.00402414752170444 0.00358742848038673 0.00367887853644788 0.00432703550904989 0.00419327057898045 0.00432256143540144 0.00427859276533127 0.00410003308206797 0.00402119616046548 0.00436154007911682 0.000863128982018679 -3.4e+38 -3.4e+38 -3.4e+38 -3.4e+38 -3.4e+38 -3.4e+38
-3.4e+38 -3.4e+38 -3.4e+38 -3.4e+38 -3.4e+38 0.00294325570575893 0.00442100688815117 0.0043654371984303 0.00462479703128338 0.00495360046625137 0.00446598744019866 0.00444604735821486 0.00420285062864423 0.00435893423855305 0.00391383143141866 0.00455056456848979 0.00474260607734323 0.00408611912280321 0.00409126607701182 0.00457007763907313 0.0047631012275815 0.00441969418898225 0.00467351265251637 0.00450108991935849 0.00472785858437419 0.00541666522622108 0.00443476485088468 0.00409540394321084 0.00418620044365525 0.00395705504342914 0.00501937372609973 0.00485901162028313 0.00450068060308695 0.00430337712168694 0.00374141032807529 0.00227582803927362 -3.4e+38 0.000876902020536363 -3.4e+38 -3.4e+38 -3.4e+38 -3.4e+38 -3.4e+38 -3.4e+38
-3.4e+38 -3.4e+38 -3.4e+38 -3.4e+38 -3.4e+38 0.00364512228406966 0.00440597021952271 0.00473777763545513 0.00487426947802305 0.00433953432366252 0.00490429857745767 0.00423435214906931 0.00388401933014393 0.00375758553855121 0.00430223066359758 0.00445997808128595 0.00421288143843412 0.0042913593351841 0.00399277871474624 0.00465837959200144 0.00437939399853349 0.00430812919512391 0.00525952503085136 0.00515158241614699 0.0053342585451901 0.00507579511031508 0.00496805738657713 0.00493298657238483 0.00358929135836661 0.00440839026123285 0.00523037184029818 0.00488909240812063 0.00463718688115478 0.00408390862867236 0.00338121643289924 -3.4e+38 0.0022705071605742 -3.4e+38 -3.4e+38 0.00322417565621436 -3.4e+38 -3.4e+38 -3.4e+38 -3.4e+38
-3.4e+38 -3.4e+38 -3.4e+38 -3.4e+38 -3.4e+38 0.00488237990066409 0.00505889905616641 0.00458419555798173 0.00474671088159084 0.0047287973575294 0.00480657443404198 0.0044884174130857 0.00368461757898331 0.00354289729148149 0.00376934628002346 0.00412705028429627 0.00434381840750575 0.00437609292566776 0.00548133533447981 0.00474689109250903 0.00457067927345634 0.00492462096735835 0.00546397035941482 0.00573607161641121 0.00496124476194382 0.00528512522578239 0.00462866295129061 0.00489943427965045 0.00426973588764668 0.00452639441937208 0.00523792859166861 0.00484022498130798 0.00424516433849931 0.00342118530534208 0.00421645259484649 0.00382668664678931 0.00296714366413653 -3.4e+38 0.0018390208715573 0.00351952202618122 0.00387794757261872 -3.4e+38 -3.4e+38 -3.4e+38
-3.4e+38 -3.4e+38 -3.4e+38 -3.4e+38 -3.4e+38 0.00429988745599985 0.00470380811020732 0.00470909150317311 0.0048758708871901 0.0047477618791163 0.00492867454886436 0.00487064244225621 0.00383960083127022 0.00344792846590281 0.00431014411151409 0.00347063224762678 0.00499667599797249 0.00504467124119401 0.00515466229990125 0.00522356014698744 0.00635354593396187 -3.4e+38 0.00522169284522533 0.00467050261795521 0.00431662797927856 0.00486616417765617 0.00503907911479473 0.00459296256303787 0.00489437766373158 0.00546590844169259 0.00556460721418262 0.00417962530627847 -3.4e+38 0.00403136480599642 0.00381220388226211 0.00336122652515769 0.00350495055317879 0.00355786341242492 0.00374781293794513 0.00319184828549623 -3.4e+38 -3.4e+38 -3.4e+38 -3.4e+38
-3.4e+38 -3.4e+38 -3.4e+38 -3.4e+38 -3.4e+38 0.00447511626407504 0.00436501018702984 0.00482174614444375 0.00489148870110512 0.00483274925500154 0.00471458537504077 0.00472988141700625 0.00311918300576508 0.00317415525205433 0.00454902648925781 0.00400048261508346 0.00570972496643662 0.00733962608501315 0.00631337892264128 0.00494871567934752 0.00500388629734516 0.0049684839323163 0.00444113556295633 0.00458711152896285 0.00472561735659838 0.00447065429762006 0.00487838266417384 0.00435237633064389 0.00580012984573841 0.00569351157173514 0.00488388072699308 -3.4e+38 0.00403062719851732 0.00463790539652109 0.004047776106745 0.00355383078567684 0.00443527987226844 0.00323449936695397 0.00338606559671462 0.00328377424739301 0.00401907181367278 0.00190605968236923 -3.4e+38 -3.4e+38
-3.4e+38 -3.4e+38 -3.4e+38 -3.4e+38 -3.4e+38 0.00447266036644578 0.0044504776597023 0.00534946518018842 0.00465970858931541 0.00490064872428775 0.00477554928511381 0.00459398282691836 0.00393489142879844 0.00417239498347044 0.00428486429154873 0.00451266951858997 0.00538454903289676 0.0057516060769558 0.004663638304919 0.00469657126814127 0.00437688175588846 0.00423288950696588 0.00427775736898184 0.00415730196982622 0.00513011077418923 0.0044715772382915 0.00454761320725083 0.00445432681590319 0.00569044006988406 0.00566885946318507 0.0051966980099678 0.00396734941750765 0.00397901143878698 0.00697216019034386 0.00487509556114674 0.00386695517227054 0.00320732872933149 0.00446866918355227 0.00356725417077541 0.00349432392977178 0.00412841653451324 0.00316146807745099 -3.4e+38 -3.4e+38
-3.4e+38 -3.4e+38 0.00202656141482294 -3.4e+38 -3.4e+38 0.00424483744427562 0.00478626461699605 0.0048321676440537 0.00489316415041685 0.00457253493368626 0.00453676097095013 0.0041056158952415 0.00393923744559288 0.00409285631030798 0.00401417165994644 0.00420132093131542 0.00418999791145325 0.00489640235900879 0.00605477439239621 0.00557149527594447 0.00459170807152987 0.00503286672756076 0.0048308689147234 0.00550321023911238 0.00611138343811035 0.00449359742924571 0.00515882670879364 0.00473168166354299 0.0062585175037384 0.00626996764913201 0.00504182884469628 0.00452521070837975 0.00380413956008852 0.0042971009388566 0.00466844718903303 0.00433632358908653 0.00424466980621219 0.00445639947429299 0.00488650519400835 0.00452134059742093 0.00338881020434201 0.0038402290083468 -3.4e+38 -3.4e+38
