Model-results/Incidence-model-SI.asc
NCOLS 53 
NROWS 93 
XLLCORNER 376490.070567719 
YLLCORNER 384721.488324061 
CELLSIZE 4595 
NODATA_value -3.4e+38 
[rows 57 to 75 of 93, columns 0 to 43 of 53]
-3.4e+38 -3.4e+38 -3.4e+38 -3.4e+38 0.00196237000636756 0.00281785475090146 0.00309524196200073 0.00346272299066186 0.00455147074535489 0.00504431081935763 0.0043085184879601 0.00447531463578343 0.00379105866886675 0.00385584961622953 0.00493093160912395 0.00524588720872998 0.00387070933356881 0.00390677805989981 0.00416848249733448 0.00368382525630295 0.0033368191216141 0.00407872535288334 0.00447717821225524 0.00311092310585082 0.00328127946704626 0.00151654903311282 0.0013870713301003 0.00227073626592755 0.00387714640237391 0.00418845564126968 0.0046249907463789 0.00417098356410861 0.00625239731743932 0.00620851432904601 0.00852360762655735 0.00839381385594606 0.00679253973066807 0.00710895471274853 0.00824490841478109 0.00879624858498573 0.00629280554130673 0.00489072175696492 0.00605882098898292 0.0055752950720489
-3.4e+38 -3.4e+38 -3.4e+38 -3.4e+38 0.0018812024500221 0.00216531637124717 0.00280592567287385 0.00357299926690757 0.00433173542842269 0.00503658596426249 0.00508866459131241 0.00421986263245344 0.00417305715382099 0.00476859183982015 0.00492927385494113 0.00513161392882466 0.00375289283692837 0.0037832991220057 0.00418113730847836 0.00547259021550417 0.00420258985832334 0.00482573406770825 0.00330425659194589 0.00284217856824398 0.00305249146185815 0.00185120361857116 0.00264582643285394 0.0013323713792488 0.00300053134560585 0.00260761426761746 0.00393262505531311 0.00467251241207123 0.00607588142156601 0.00704391114413738 0.00762531952932477 0.00810619164258242 0.0070912716910243 0.0071666925214231 0.0069063869304955 0.00728427292779088 0.00547005329281092 0.00570551352575421 0.00670773163437843 0.00719864526763558
-3.4e+38 -3.4e+38 -3.4e+38 -3.4e+38 0.00146936671808362 0.00201467773877084 0.00236944295465946 0.00333368754945695 0.00422630505636334 0.00489854114130139 0.00513522559776902 0.00478641968220472 0.00579843064770103 0.00517651624977589 0.00480971066281199 0.00449175108224154 0.00473919743672013 0.00497366674244404 0.00571940327063203 0.0060931327752769 0.00532666500657797 0.00341533776372671 0.0041065001860261 0.00273801386356354 0.00282490369863808 0.00297493557445705 0.00290089822374284 0.00170251703821123 0.00217848503962159 0.00269057741388679 0.00452821562066674 0.00472150882706046 0.00640884228050709 0.00683059683069587 0.00646149972453713 0.00802627857774496 0.00917707849293947 0.00678099878132343 0.00677077611908317 0.00611144071444869 0.00645528314635158 0.00623869150876999 0.00608719885349274 0.00624929182231426
-3.4e+38 -3.4e+38 -3.4e+38 -3.4e+38 0.00127665023319423 0.00220511900261045 0.00282576680183411 0.00327907735481858 0.00402291212230921 0.00525082554668188 0.00634497776627541 0.00650062877684832 0.00654298067092896 0.00457260990515351 0.00524097587913275 0.00624295510351658 0.0056190611794591 0.00698236096650362 0.00624408293515444 0.00501040043309331 0.00502351904287934 0.0031692679040134 0.00350649282336235 0.00301843555644155 0.00302999163977802 0.00298835546709597 0.00300040491856635 0.00234580063261092 0.00180543586611748 0.00218373350799084 0.00288580078631639 0.00444905459880829 0.00583760999143124 0.00786532461643219 0.00670249480754137 0.00858666002750397 0.00891206227242947 0.00692913541570306 0.00593650760129094 0.00593319581821561 0.00600383663550019 0.00657352525740862 0.0069003296084702 0.00623551057651639
-3.4e+38 -3.4e+38 -3.4e+38 -3.4e+38 0.000940950238145888 0.00196503754705191 0.00266790087334812 0.00324192177504301 0.0047093010507524 0.00454831263050437 0.00559979258105159 0.005085707642138 0.0068286950699985 0.00557537563145161 0.00616368837654591 0.00599885080009699 0.00435878708958626 0.00693170353770256 0.00513727311044931 0.00342778931371868 0.00322589254938066 0.00340683432295918 0.00326247629709542 0.00235688081011176 0.00311473826877773 0.00289549585431814 0.00335696898400784 0.00329900649376214 0.00218387739732862 0.00233200821094215 0.00277998554520309 0.00394287845119834 0.0052625760436058 0.00872436631470919 0.00722369179129601 0.00739825563505292 0.00788776483386755 0.00561221363022923 0.00637151440605521 0.00689338473603129 0.00638522952795029 0.00668957224115729 0.00661897147074342 0.00642355903983116
-3.4e+38 -3.4e+38 -3.4e+38 -3.4e+38 0.000953691138420254 0.00186986988410354 0.00261826394125819 0.00311962678097188 0.00337013159878552 0.00437823124229908 0.00459987623617053 0.00464922841638327 0.00525800697505474 0.00398151250556111 0.00602240627631545 0.00576029578223825 0.0060303146019578 0.0056790909729898 0.00445979367941618 0.00396728189662099 0.00476340157911181 0.0036064712330699 0.00297141401097178 0.0022178003564477 0.0027593954000622 0.00249139498919249 0.00265667540952563 0.00252451607957482 0.00238065142184496 0.00346648460254073 0.00399427954107523 0.00467826472595334 0.00560489436611533 0.00777539145201445 0.00620825402438641 0.00512256426736712 0.00639409897848964 0.00611727219074965 0.00598753057420254 0.00623179692775011 0.00652525294572115 0.00690787564963102 0.00627348013222218 -3.4e+38
-3.4e+38 -3.4e+38 -3.4e+38 -3.4e+38 -3.4e+38 0.00216898578219116 0.00251742289401591 0.00269111921079457 0.00319821061566472 0.00370421865954995 0.00417317729443312 0.00443160114809871 0.00550052709877491 0.0054942318238318 0.00424175476655364 0.00564978644251823 0.00557186407968402 0.00478955032303929 0.00452855136245489 0.00598243530839682 0.00506234122440219 0.00324074109084904 0.00313498103059828 0.00341519038192928 0.00211401167325675 0.00116652995347977 0.0019940072670579 0.00200393423438072 0.0037486981600523 -3.4e+38 0.00560332136228681 0.00526133505627513 0.00436430377885699 0.0067152832634747 0.00460977572947741 0.00470302673056722 0.00520909810438752 0.00540493987500668 0.00542206969112158 0.00534390565007925 0.00641005905345082 0.00672940257936716 0.00643137330189347 -3.4e+38
-3.4e+38 -3.4e+38 -3.4e+38 -3.4e+38 0.000225756361032836 0.00152614072430879 0.00209683575667441 0.00253910315223038 0.0026143656577915 0.00330174993723631 0.00362572376616299 0.00407846225425601 0.00637114560231566 0.00530125293880701 0.00445748679339886 0.00546813104301691 0.00539104035124183 0.00482977088540792 0.00333779118955135 0.00525132333859801 0.00398244429379702 0.00295323063619435 0.00293225003406405 0.00317647401243448 0.00181781419087201 0.00217571831308305 0.00225759157910943 0.00179865059908479 0.00262681045569479 0.00321722426451743 0.00335227674804628 0.00508292112499475 0.00471560470759869 0.00514837726950645 0.0047949468716979 0.00309020583517849 0.00478880619630218 0.00436593871563673 0.00424313405528665 0.00490181986242533 0.00591108668595552 0.00650019757449627 0.00616419641301036 0.00547002535313368
-3.4e+38 -3.4e+38 -3.4e+38 -3.4e+38 -3.4e+38 0.00220980867743492 0.00220792926847935 0.00311094359494746 0.0027941120788455 0.00317205884493887 0.00365281477570534 0.00432354537770152 0.0055292034521699 0.00546870427206159 0.00465330760926008 0.00494376523420215 0.00453259842470288 0.00439306860789657 0.00291717541404068 0.00337537028826773 0.00417788419872522 0.00372385862283409 0.00379043282009661 0.00280761416070163 0.00103883061092347 0.000678907381370664 0.00165934860706329 0.00227796542458236 0.00200803182087839 0.0028046160005033 0.00353331933729351 0.00475922133773565 0.00587525172159076 0.00483637303113937 0.00487065874040127 0.00303781684488058 0.00365200592204928 0.00481992214918137 0.00360151985660195 0.00437715789303184 0.00596602540463209 0.00574077386409044 0.00492301862686872 0.00580757297575474
-3.4e+38 -3.4e+38 -3.4e+38 -3.4e+38 -3.4e+38 0.00193858833517879 0.00202968996018171 0.00222827750258148 0.00277267768979073 0.00326727796345949 0.00434607174247503 0.00489924615249038 0.00546416779980063 0.00458036921918392 0.00511725060641766 0.00308560766279697 0.00470580300316215 0.00336520373821259 0.00352039653807878 0.00225700670853257 0.00309199513867497 0.00428364984691143 0.00354413827881217 -3.4e+38 0.0027539583388716 0.00068977742921561 0.000740073504857719 0.00162219861522317 0.000552956305909902 0.00163102324586362 0.00356887420639396 0.00469245435670018 0.00431617395952344 0.0047864350490272 0.00442665815353394 0.00507580675184727 0.00336473784409463 0.00481323199346662 0.00460202246904373 0.00460498640313745 0.00554681243374944 0.00505767622962594 0.00528861209750175 0.00651890458539128
-3.4e+38 -3.4e+38 -3.4e+38 -3.4e+38 -3.4e+38 0.00166894891299307 0.0017883621621877 0.00183633121196181 0.00259120296686888 0.00358390295878053 0.00414321711286902 0.00381717621348798 0.00458916136994958 0.00485873827710748 0.00535734463483095 0.00542791513726115 0.00318205007351935 0.00451666535809636 0.0045315339230001 0.00256855669431388 0.00311637693084776 0.00240176636725664 0.0021220026537776 0.00173560448456556 0.00210965191945434 0.000703846453689039 0.000406697974540293 0.000468724902020767 0.000577176280785352 0.00137291464488953 0.00377676310017705 0.00408197566866875 0.00318392808549106 0.00506531819701195 0.00377699942328036 0.00442843604832888 0.00227948953397572 0.00510925473645329 0.00514346361160278 0.00472900038585067 0.00513106444850564 0.00476717995479703 0.00530099216848612 0.0062328465282917
-3.4e+38 -3.4e+38 -3.4e+38 -3.4e+38 -3.4e+38 0.000931059417780489 0.00136372074484825 0.00184212368912995 0.00266352645121515 0.00372095359489322 0.00399917643517256 0.00340934377163649 0.00421288423240185 0.00392346316948533 0.00582193350419402 0.00368243805132806 0.00439271284267306 0.00418513733893633 0.0035344404168427 0.00309746130369604 0.00266598584130406 0.00254921405576169 0.00104398932307959 0.00218269694596529 0.000892031006515026 0.000435873953392729 0.000318872422212735 0.00015940226148814 0.000437808485003188 0.00170505477581173 0.00299368822015822 0.00468062935397029 0.00394844310358167 0.00361847341991961 0.00420446554198861 0.00359534844756126 0.00324509688653052 0.00470877252519131 0.0049130842089653 0.0048437830992043 0.0044179055839777 0.0042295535095036 0.00480443658307195 0.00546038569882512
-3.4e+38 -3.4e+38 -3.4e+38 -3.4e+38 -3.4e+38 0.000754071166738868 0.00137468567118049 0.00211180094629526 0.00264466926455498 0.00352762802504003 0.00322743016295135 0.00357074150815606 0.00408926280215383 0.00259546772576869 0.00371618126519024 0.00446483585983515 0.00524762040004134 0.00384427746757865 0.00309600890614092 0.00316901900805533 0.00297679123468697 0.00214675045572221 0.00138460728339851 0.00138424069155008 0.00134618033189327 0.00082290981663391 0.000567189126741141 0.00036719796480611 0.00181673967745155 0.00504155177623034 0.00469109090045094 0.0039192265830934 0.00345138693228364 0.00463912263512611 0.00292024319060147 0.00250471429899335 0.00342598860152066 0.00462158443406224 0.00461441790685058 0.00431674718856812 0.00457488419488072 0.00445876317098737 0.0045957020483911 0.00595964910462499
-3.4e+38 -3.4e+38 -3.4e+38 -3.4e+38 -3.4e+38 0.00106681708712131 0.00148182024713606 0.00176424020901322 0.00259219761937857 0.00308855366893113 0.00346960662864149 0.00472097424790263 0.00387790496461093 0.00456857960671186 0.00326956273056567 0.00488895364105701 0.00569774024188519 0.00248363334685564 0.00325037492439151 0.00294332928024232 0.00304365460760891 0.00301660178229213 0.000992918969132006 0.00086226116400212 0.00111536192707717 0.000992119777947664 0.000621204962953925 0.000482637726236135 0.00158940814435482 0.00445903837680817 0.00424627447500825 0.00386830931529403 0.00289955059997737 0.00379472621716559 0.00286533636972308 0.00306401937268674 0.00450739078223705 0.0045738760381937 0.00447808858007193 0.00422865804284811 0.00420327298343182 0.00402226438745856 0.00468121096491814 0.00523730786517262
-3.4e+38 -3.4e+38 -3.4e+38 -3.4e+38 -3.4e+38 0.000893242540769279 0.00126493466086686 0.00169474142603576 0.0024043598677963 0.00300813303329051 0.00340048642829061 0.00346039026044309 0.00333779188804328 0.00433542113751173 0.00296424748376012 0.00297232973389328 0.00511679099872708 0.0032805516384542 0.00292286137118936 0.00199325103312731 0.00124117045197636 0.00196444219909608 0.00199283706024289 0.00129548937547952 0.000727223232388496 0.000900552375242114 0.000759567250497639 0.00037793957744725 0.000961846671998501 0.00283097219653428 0.00293398322537541 0.00304174935445189 0.00195455015636981 0.00347474659793079 0.00446125818416476 0.00461106933653355 0.00495995953679085 0.00506438501179218 0.00437710108235478 0.00372855295427144 0.00348325818777084 0.00376662169583142 0.00567441759631038 0.0073933620005846
-3.4e+38 -3.4e+38 -3.4e+38 -3.4e+38 -3.4e+38 0.000890196126420051 0.00119964429177344 0.00171064678579569 0.00221857079304755 0.00208835792727768 0.00229571829549968 0.00363815575838089 0.00437710713595152 0.00428883545100689 0.00556619977578521 0.00536948954686522 0.00519330753013492 0.00276703620329499 0.00321823637932539 0.00173467281274498 0.000850150594487786 0.00288774748332798 0.00127648585475981 0.00128100602887571 0.000998941832222044 0.000751065963413566 0.000515848398208618 0.000293287739623338 0.000435888854553923 0.00142805697396398 0.00273266574367881 0.00204491801559925 0.00165888271294534 0.00293253362178802 0.00678749056532979 0.00679233204573393 0.00518179638311267 0.00416409689933062 0.00383800966665149 0.00399370305240154 0.00394447147846222 0.00436002714559436 0.00699537387117743 0.00960926897823811
-3.4e+38 -3.4e+38 -3.4e+38 -3.4e+38 -3.4e+38 0.000598554441239685 0.00112639868166298 0.00177515263203532 0.00186674215365201 0.00230438937433064 0.00321512622758746 0.00434603402391076 0.00433815503492951 0.00497500132769346 0.00497990660369396 0.00483248243108392 0.00472760805860162 0.00306637957692146 0.00323090376332402 0.00316689815372229 0.0014711789553985 0.000990360043942928 0.000953191833104938 0.000663379789330065 0.000899274426046759 0.000875414814800024 0.000430598098319024 0.000472164538223296 0.00205466593615711 0.00266850576736033 0.00253926659934223 0.00244790455326438 0.00291203171946108 0.00382023025304079 0.00660493085160851 0.00579499127343297 0.00534169655293226 0.00387589610181749 0.00374360289424658 0.00357844331301749 0.00439213076606393 0.00563389342278242 0.00508768809959292 0.00674965977668762
-3.4e+38 -3.4e+38 -3.4e+38 -3.4e+38 -3.4e+38 -3.4e+38 0.00107651413418353 0.00162974547129124 0.00206894776783884 0.00252067437395453 0.00250473315827549 0.00311039295047522 0.0041009415872395 0.00541893718764186 0.0056198607198894 0.00549100991338491 0.00526924757286906 0.00343331671319902 0.0043246541172266 0.00421550218015909 0.00362261151894927 0.00335991731844842 0.00270934100262821 0.00253756926394999 0.00264765787869692 0.00255805952474475 0.00334096327424049 0.0027828561142087 0.00461617158725858 0.00515353959053755 0.0053207385353744 0.00524845812469721 0.0052426727488637 0.00388887943699956 0.00648830691352487 0.00466160895302892 0.00413368828594685 0.00334638287313282 0.00328667694702744 0.00332931336015463 0.00372521509416401 0.00533971795812249 0.00323377759195864 0.00323022482916713
-3.4e+38 -3.4e+38 -3.4e+38 -3.4e+38 -3.4e+38 -3.4e+38 0.000955709256231785 0.00186678196769208 0.00157125049736351 0.00231700413860381 0.00255366298370063 0.00289735407568514 0.00439751707017422 0.00697038834914565 0.00532158138230443 0.00622903928160667 0.00530511839315295 0.003349146572873 0.00277118757367134 0.00479151168838143 0.00489472690969706 0.00426275981590152 0.00389650324359536 0.00409316783770919 0.00613885512575507 0.00515539292246103 0.00530989421531558 0.00493980851024389 0.00474903034046292 0.00530661968514323 0.00547936884686351 0.00506408326327801 0.00500363064929843 0.00521698221564293 0.00497827073559165 0.00405843602493405 0.00370877422392368 0.0030743379611522 0.00318454625084996 0.00358927831985056 0.00385039811953902 0.00447779055684805 0.00340417353436351 0.00315868598408997
