Model-results/Incidence-model-SI.asc
NCOLS 53 
NROWS 93 
XLLCORNER 376490.070567719 
YLLCORNER 384721.488324061 
CELLSIZE 4595 
NODATA_value -3.4e+38 
[rows 38 to 56 of 93, columns 0 to 43 of 53]
-339999999999999996123846586046231871488.000000000000000 -3.4e+38 0.00110264937393367 -3.4e+38 0.00602809665724635 0.0047067510895431 0.00389960268512368 0.00464046746492386 0.00435136677697301 0.00431418186053634 0.00405699107795954 0.00443305727094412 0.00478405365720391 0.0038620107807219 0.00372436968609691 0.00393879693001509 0.00436078663915396 0.00512789282947779 0.00476901791989803 0.00440815603360534 0.00410129781812429 0.00429142406210303 0.004629947245121 0.00429048016667366 0.00444724736735225 0.00591268623247743 0.00518487766385078 0.00555257452651858 0.00545678474009037 0.00524374889209867 0.00553270103409886 0.00441830139607191 0.00422921311110258 0.00402684742584825 0.00394581444561481 0.00429933564737439 0.00431899446994066 0.00460559548810124 0.00458040554076433 0.00448976224288344 0.0038914387114346 0.00364251295104623 -3.4e+38 -3.4e+38
-3.4e+38 0.00960566569119692 -3.4e+38 -3.4e+38 0.00575395673513412 0.0039530536159873 0.00337479612790048 0.00435431161895394 0.00425773113965988 0.00318088405765593 0.00402472680434585 0.00409511616453528 0.00391084933653474 0.0041992743499577 0.00426297541707754 0.00408141035586596 0.00420136889442801 0.00419120118021965 0.00485371937975287 0.00345200090669096 0.00351767591200769 0.00403575366362929 0.00373187568038702 0.00434392178431153 0.00424206024035811 0.00548668392002583 0.00509829539805651 0.0057324692606926 0.00574340345337987 0.00538436835631728 0.00471296161413193 0.00460593542084098 0.00382667570374906 0.00368754495866597 0.00377630488947034 0.00446213968098164 0.00444564549252391 0.00430813618004322 0.00429204106330872 0.00474555417895317 0.0041065514087677 0.00216299830935895 0.0018618400208652 -3.4e+38
-3.4e+38 0.0053388774394989 -3.4e+38 -3.4e+38 0.00476715620607138 0.00407833978533745 0.00424787681549788 0.00462529947981238 0.004443584010005 0.00360663770698011 0.00425567617639899 0.00368467811495066 0.00408515194430947 0.00479915831238031 0.00473601324483752 0.00369756482541561 0.0041582970879972 0.00427157152444124 0.00401082076132298 0.00427079200744629 0.00388342747464776 0.00393357267603278 0.00357033195905387 0.00374930072575808 0.00484694913029671 0.00492556253448129 0.00530620291829109 0.00581749202683568 0.00544728012755513 0.00461503816768527 -3.4e+38 0.00410202424973249 0.00455007050186396 0.00487594120204449 0.00433349050581455 0.00534720346331596 0.0049146986566484 0.00447751907631755 0.00440576998516917 0.00458352034911513 0.00404386920854449 0.00173798261675984 0.00296003138646483 -3.4e+38
-3.4e+38 0.00578227126970887 -3.4e+38 -3.4e+38 -3.4e+38 0.00396061735227704 0.00406711781397462 0.00412735994905233 0.0039140391163528 0.0037430243100971 0.0035956809297204 0.00425578840076923 0.00490244524553418 0.00398468365892768 0.00443413713946939 0.00462936609983444 0.00459243264049292 0.00475546671077609 0.0044520553201437 0.0044480380602181 0.00441678939387202 0.00471011223271489 0.00399952800944448 0.00384908844716847 0.00580746587365866 0.0059256125241518 0.0058561684563756 0.00470658577978611 0.00545202288776636 0.00468933954834938 0.00434574577957392 0.00397984171286225 0.00484441220760345 0.00481132557615638 0.00419217254966497 0.00455864099785686 0.00600375421345234 0.00482338946312666 0.00500792777165771 0.00423727184534073 0.00396713381633162 0.0044769486412406 0.00299730710685253 0.000821931927930564
-3.4e+38 0.00556932669132948 -3.4e+38 0.00182402122300118 0.00378127652220428 0.00501596787944436 0.00502508273348212 -3.4e+38 0.00380168319679797 0.00469301734119654 0.00365374586544931 0.00316339591518044 0.00405405322089791 0.0059840097092092 0.00457822997123003 0.00475275656208396 0.00418850360438228 0.00398168200626969 0.00446006702259183 0.0043996530584991 0.0048276400193572 0.00476794922724366 0.00451767910271883 0.00456482265144587 0.00433627190068364 0.00505047990009189 0.00564475590363145 0.00519631430506706 0.00527567695826292 0.00587665615603328 0.00413687899708748 0.0031904720235616 0.00419348664581776 0.00412174127995968 0.00362807768397033 0.00455346470698714 0.00525350170210004 0.00532292574644089 0.00557869393378496 0.00419167568907142 0.0043196571059525 0.00423519872128963 0.00431561656296253 0.00226102559827268
-3.4e+38 0.0018170754192397 -3.4e+38 -3.4e+38 0.00338588445447385 0.00568069843575358 0.00520206801593304 0.00416240561753511 0.00420381547883153 0.00369236222468317 0.00377094745635986 0.00400373246520758 0.00405729748308659 0.00414327997714281 0.00423463201150298 0.00386794633232057 0.00438805855810642 0.00393060175701976 0.0051576136611402 0.00482246559113264 0.00473194941878319 -3.4e+38 0.00479814969003201 0.00389529578387737 0.00463211350142956 0.00486483983695507 0.00492487847805023 0.00603902898728848 0.00518297543749213 -3.4e+38 0.00404446059837937 0.00406544329598546 0.00446072453632951 0.00416978448629379 0.00377573631703854 0.00431799702346325 0.00521504087373614 0.00632764818146825 0.00569279072806239 0.00479399412870407 0.00480590807273984 0.00365761597640812 0.00388836860656738 0.0038653570227325
-3.4e+38 -3.4e+38 0.00452061509713531 -3.4e+38 0.00506445160135627 0.00764159299433231 0.00531461369246244 0.00480128591880202 0.00528858415782452 0.0044178543612361 0.00406934134662151 0.00422594370320439 0.00429585110396147 0.00451758084818721 0.00465203123167157 0.00492013432085514 0.00439694290980697 0.00462281238287687 0.00471134996041656 0.00446333317086101 0.00470480741932988 -3.4e+38 0.00483098719269037 0.00400022324174643 0.00443241093307734 0.00448611751198769 0.00460293376818299 0.00569214392453432 0.00516101578250527 0.00483446987345815 0.00489195249974728 0.00392567971721292 0.00483045633882284 0.00426876870915294 0.00371063919737935 0.00465884292498231 0.00464812573045492 0.00604961486533284 0.00527518196031451 0.0047226520255208 0.00470931967720389 0.00428439024835825 0.00466293608769774 0.00385123211890459
-3.4e+38 -3.4e+38 0.00529747270047665 0.0041917348280549 0.0070055415853858 0.00796306785196066 0.00801937282085419 0.00572182284668088 0.00502446107566357 0.00502709997817874 0.00448436103761196 -3.4e+38 -3.4e+38 0.00452780909836292 0.00511539401486516 0.00447511486709118 0.00422394927591085 0.00434194644913077 0.00457385648041964 0.00431467639282346 0.00396255543455482 0.00450668809935451 0.00402618525549769 0.00416563637554646 0.00444047246128321 0.00396921392530203 0.00457946443930268 0.00549482274800539 0.00518082547932863 0.00461823726072907 0.00544880283996463 0.00536882132291794 0.00431419257074594 0.00386302988044918 0.00388050870969892 0.00463778432458639 0.00462333625182509 0.00487000308930874 0.00408715335652232 0.00453696493059397 0.00460438430309296 0.00412060413509607 -3.4e+38 0.00390806654468179
-3.4e+38 -3.4e+38 0.00350274005904794 0.00493837054818869 0.00541398674249649 0.00474676443263888 0.0064915157854557 0.00549964141100645 0.00529835838824511 0.00512307044118643 0.00431548850610852 0.00501628732308745 0.00414656847715378 0.00485559832304716 0.00449383491650224 0.00411457661539316 0.00413620797917247 0.0043232855387032 0.00531782442703843 0.00480519607663155 0.00471301889047027 0.0051991599611938 0.00677228299900889 0.0044446955434978 0.0041869399137795 -3.4e+38 0.00406698370352387 0.0053346031345427 0.00478517962619662 0.0060924063436687 0.00560235418379307 -3.4e+38 0.00456676445901394 0.00397851876914501 0.00408142153173685 0.00458715809509158 0.00499822339043021 0.00402284087613225 0.00201060995459557 0.00441707018762827 0.00444742105901241 0.00425793696194887 0.00371621502563357 0.00382448546588421
-3.4e+38 -3.4e+38 -3.4e+38 0.00402470491826534 0.00488000828772783 0.00412505446001887 0.00579711422324181 0.0046545579098165 0.00542103732004762 0.00505538890138268 0.0043199947103858 0.00410607364028692 0.0042319823987782 0.00406327238306403 0.00362487067468464 0.0046982541680336 0.00475875241681933 0.00475804135203362 0.00445159617811441 0.00506959203630686 0.00546263763681054 0.00452203117311001 0.00532469293102622 0.00530292978510261 0.00469192489981651 0.00513213407248259 0.00446439068764448 0.00529658142477274 0.00542816938832402 0.00629956228658557 0.00488411355763674 0.00480079604312778 0.00457974849268794 0.0040309033356607 0.00429333653301001 0.00500377174466848 0.00560963712632656 0.0043795183300972 0.0048657744191587 0.00505122635513544 0.00472715310752392 0.0043468875810504 0.00346866366453469 0.00359271792694926
-3.4e+38 -3.4e+38 -3.4e+38 -3.4e+38 0.00439149979501963 0.00431931205093861 0.00480607850477099 0.00448571890592575 0.00437465775758028 0.00390558247454464 0.00372016523033381 0.00334976729936898 0.00347602064721286 0.00346715492196381 0.00352675328031182 0.00467567425221205 0.00449073500931263 0.00475348113104701 0.00462831417098641 0.00516261346638203 0.00443413620814681 0.00526384776458144 0.00493840826675296 0.00542877754196525 0.00487519288435578 0.00452436320483685 0.00594421662390232 0.00523980427533388 0.00611368613317609 0.00522147305309772 0.00544359721243382 0.00533545762300491 0.00430410820990801 0.00455284444615245 0.00527410069480538 0.00484744878485799 0.00654755439609289 0.00395750580355525 0.00510603655129671 0.00539257377386093 0.00485662743449211 0.00371952424757183 0.0045256232842803 0.00448660226538777
-3.4e+38 -3.4e+38 -3.4e+38 -3.4e+38 0.00433335546404123 0.00487992726266384 0.00451778480783105 0.00399976409971714 0.00362109416164458 0.00383128505200148 0.00317481486126781 0.00302860420197248 0.00321210082620382 0.00319897499866784 0.00338958762586117 0.00389718636870384 0.00417905626818538 0.00451107183471322 0.00458966242149472 0.00505635188892484 0.00586165161803365 0.00685883685946465 0.00530633935704827 0.00577881885692477 0.00500555569306016 0.00518544530496001 0.00575921591371298 0.00513827335089445 0.00640241522341967 0.00572558213025331 0.00558860786259174 0.00541066797450185 0.00470131356269121 0.00422338442876935 0.00509185576811433 0.005682741291821 0.00560966413468122 0.00486311875283718 0.00533017097041011 0.00638795271515846 0.00553170125931501 0.00541193829849362 0.00384892267175019 0.00456571066752076
-3.4e+38 -3.4e+38 -3.4e+38 0.00208703940734267 0.00370220653712749 0.00421994039788842 0.00346974795684218 0.00369526189751923 0.00353934359736741 0.00297873723320663 0.00287219462916255 0.00270808744244277 0.0029322172049433 0.00322589068673551 0.00373057555407286 0.00401434162631631 0.00410516047850251 0.00468663359060884 0.00479658506810665 0.00542096560820937 0.00798635929822922 0.00746604753658175 0.00566649902611971 0.00554574653506279 0.00622681714594364 0.00601726863533258 0.00565042486414313 0.00492482678964734 0.00582932820543647 0.00625313213095069 0.00587842566892505 0.00559484586119652 0.0049950834363699 0.00453812582418323 0.00486984476447105 0.00568037945777178 0.00653396407142282 0.00603366084396839 0.00443671690300107 0.00598984537646174 0.00637390185147524 0.00460141431540251 0.00549779599532485 0.00521849887445569
-3.4e+38 -3.4e+38 -3.4e+38 0.00151614332571626 0.00326699647121131 0.00377437239512801 0.00336023094132543 0.00288972677662969 0.00300670275464654 0.00297905574552715 0.00275420979596674 0.0026923103723675 0.00309312948957086 0.00364389317110181 0.00429495749995112 0.00401639100164175 0.004407640080899 0.00567480642348528 0.00607341388240457 0.00591636495664716 0.00748081970959902 0.00714345462620258 0.00583435222506523 0.00565527798607945 0.00620368402451277 0.00627471785992384 0.00590810785070062 0.00560696143656969 0.00485588004812598 0.00644415291026235 0.00620167655870318 0.00592108489945531 0.00496575050055981 0.00477683311328292 0.00560826528817415 0.00581100769340992 0.00611985381692648 0.00617640558630228 0.00537934945896268 0.00681168818846345 0.00613243132829666 0.00543148163706064 0.00424282159656286 0.0058316825889051
-3.4e+38 -3.4e+38 -3.4e+38 -3.4e+38 0.00313146924600005 0.0037300051189959 0.00353744602762163 0.00354804540984333 0.00345028867013752 0.00305986288003623 0.00309537025168538 0.00310706603340805 0.00337247806601226 0.00383497076109052 0.00467758439481258 0.00496023241430521 0.00652726925909519 0.00487414794042706 0.00517442682757974 0.00570340128615499 0.00692219939082861 0.00530743738636374 0.00446667987853289 0.00453634699806571 0.00548956170678139 0.00568285118788481 0.00588323641568422 0.00561716500669718 0.00403625704348087 0.00667218444868922 0.00492130452767015 0.00480554020032287 0.00483962940052152 0.00514756655320525 0.00567921483889222 0.00828051660209894 0.00528266187757254 0.00502752652391791 0.00476703373715281 0.00737404217943549 0.00493967905640602 0.00592248886823654 0.00613245088607073 0.0050419014878571
-3.4e+38 -3.4e+38 -3.4e+38 0.00130636524409056 0.00292141735553741 0.00290746218524873 0.00277483556419611 0.00288734026253223 0.0032436246983707 0.00357157015241683 0.00359547277912498 0.00363814760930836 0.00310618174262345 0.00480503635481 0.00575558980926871 0.00568488426506519 0.00656206347048283 0.00427887262776494 0.00369390472769737 0.00611260905861855 0.00589212169870734 0.0040553966537118 0.00369553710334003 0.00426834775134921 0.00466710468754172 0.00372818554751575 0.00696274731308222 0.0056904754601419 0.00452652107924223 0.00630592508241534 0.00523557839915156 0.00470299599692225 0.00498111313208938 0.00509058823809028 0.00719981314614415 0.00886505004018545 0.006234937813133 -3.4e+38 0.00699830055236816 0.00754816317930818 0.00617731129750609 0.00553629314526916 0.00465771509334445 0.00540676852688193
-3.4e+38 -3.4e+38 -3.4e+38 0.00134601595345885 0.00287238974124193 0.0031093789730221 0.00322146341204643 0.00337976310402155 0.00345211126841605 0.00309352087788284 0.00358529202640057 0.00400777254253626 0.00423979945480824 0.00443450966849923 0.00471801916137338 0.00561816664412618 0.00529019674286246 0.00434710597619414 0.0036842932458967 0.00535570876672864 0.00543463509529829 0.00439698109403253 0.00428547291085124 0.00451312819495797 0.00421117153018713 0.0029795381706208 0.00505412556231022 0.00571064930409193 0.00531377317383885 0.00622234074398875 0.0059266397729516 0.00505613163113594 0.00548171438276768 0.00563729181885719 0.00693863816559315 0.00871894508600235 0.00556749338284135 0.0079580144956708 0.00877331662923098 0.00913348793983459 0.00535979215055704 0.00530165946111083 0.00648187566548586 0.006810930557549
-3.4e+38 -3.4e+38 -3.4e+38 0.00131817394867539 0.00239823572337627 0.00291985762305558 0.00291015580296516 0.00302995671518147 0.00318701914511621 0.00370777049101889 0.00388624612241983 0.00380726763978601 0.00337964692153037 0.00491839880123734 0.00420058285817504 0.00570279406383634 0.00401769392192364 0.00461116898804903 0.00542483059689403 0.00432330602779984 0.00426258519291878 0.00398710323497653 0.00362531444989145 0.00459795957431197 0.00410378305241466 0.00280487863346934 0.00360184861347079 0.00558794243261218 0.006029371637851 0.00561549328267574 0.00510522350668907 0.00462820520624518 0.00547731248661876 0.00565191125497222 0.0059472038410604 0.00841494370251894 0.00901845563203096 0.00778130767866969 0.00994614791125059 0.00830376334488392 0.00678217317909002 0.0046428581699729 0.00505192950367928 0.00594007456675172
-3.4e+38 -3.4e+38 -3.4e+38 0.00111944414675236 0.00212185690179467 0.00283689657226205 0.00294589158147573 0.00354489916935563 0.00343177886679769 0.00335468864068389 0.00449364259839058 0.00443070428445935 0.00332004041410983 0.00386349647305906 0.00540136499330401 0.00598777178674936 0.00425710389390588 0.0036564702168107 0.00382761377841234 0.00431567803025246 0.00337364291772246 0.00363408331759274 0.0027116546407342 0.00288017652928829 0.00331227364949882 0.0020251243840903 0.00280064344406128 0.00384854804724455 0.00406262325122952 0.00555566977709532 0.00473899580538273 0.00454393913969398 0.00548928696662188 0.00598302623257041 0.00624162098392844 0.00742141483351588 0.0084998719394207 0.00913327466696501 0.00880057271569967 0.00920439977198839 0.0063733491115272 0.00403872365131974 0.00631479406729341 0.00605166703462601
