Model-results/Spatial/Snakebites/Incidence-residuals.asc
NCOLS 53 
NROWS 93 
XLLCORNER 376490.070567719 
YLLCORNER 384721.488324056 
CELLSIZE 4595 
NODATA_value -9999 
[rows 63 to 83 of 93, columns 0 to 45 of 53]
-9999 -9999 -9999 -9999 -9999 -1.08481574135478 0.2436922678817 -0.0934721987346566 -0.172509833634075 -0.406206877683718 -1.48225247361782 -0.431734736049609 -0.15375222427437 -0.648324172220712 0.224417441670823 -0.861203538304758 -0.876430650664273 -0.230089837001125 -0.391642994416776 -0.964809910688343 -1.07178671285009 -0.958990917602308 -0.346236238114239 -0.605972812883238 -0.116024930469381 0.580484788697112 0.66138909776552 1.51886383974715 3.04608006418838 -9999 -0.535610255582489 2.0042681351776 1.70303978413826 -0.553283402479309 -0.418109096827105 -0.055969588321165 -0.433001690175817 -0.961467415779567 -0.964663742767226 -0.444761905681202 -0.993179039736768 -0.871474164319258 -0.263263257193117 -9999 -9999 -1.33280838324311
-9999 -9999 -9999 -9999 1.94075797333022 -0.351343322278229 -0.240265694707313 0.29390644310981 -0.169452427723582 -0.303870924359942 -0.658198283418808 -0.559041559378996 -0.370780657791046 -0.145814587593044 0.271871329897292 -0.367245263819537 0.810426799706523 -0.0083504447118609 -0.0504941772837134 -0.339675896117183 -0.850734185665773 -0.653573773693258 -0.00141183879293436 -0.893070681795753 -0.147933849619505 -0.598305144472743 -0.0271943289466724 0.21571016360121 1.99147715570532 2.94741584797404 0.429839183405301 3.56688232632036 2.85999548142762 0.114032391862153 -0.645990756172237 -1.20574873994403 -0.486240558077248 -0.078244246217159 0.515236554746522 0.0287397725419788 -1.15878763864607 -1.0820239745139 -0.0942898829603806 0.557921574408633 -9999 -1.44476768830512
-9999 -9999 -9999 -9999 -9999 -1.6607561125564 0.428041111122158 -0.696697673104612 -0.023587150778743 -0.598840024776369 -0.914974178793484 -0.983043300818652 -1.24091026116673 -0.0608587907059883 -0.000216768021929536 0.691721907133007 2.01658604958274 0.558104687211492 -0.760519824077117 -1.3413299368581 -1.45273974954152 -0.805041838932647 -0.506427175002896 -0.757083102824245 0.659195339519967 -0.311567258906897 -0.610755051989429 0.0142365261743683 -0.145768403655702 -0.0587825973288783 0.355768548928982 5.62485049300605 3.55893918454551 0.713184969743121 -0.248213811157653 -1.00256822120776 -0.997510152177651 -0.749409131978817 0.598147387290919 -0.0470618321917138 -1.56009596489405 -0.823775942915547 1.12035734552169 0.586876075535017 -0.44896182596948 -1.90186724186847
-9999 -9999 -9999 -9999 -9999 -0.727225043402707 -0.725725349426308 0.0545466274805903 -0.584254243662594 -0.117112749612383 -0.925029093181524 -0.987170771562171 -0.0602656470631189 0.431538033422238 -1.07404434988347 1.6713533246043 0.473310162303918 -0.901321257195579 -0.855655640707621 -0.784931665694579 -0.954614379531608 -0.49762682419517 -0.188774285821346 -9999 -0.0274878594604119 -0.0452993918148204 -0.152919879131344 -0.896092731842301 0.102241888940936 0.128100369556123 1.23142991151529 3.23143292610813 0.431516838205016 0.0755280145057595 -0.556249853768191 -1.85897549952039 -1.75503546956835 -2.44970282437689 -0.348952425351032 0.00247527315034293 -1.29868669409663 1.05808783638516 0.508682433327242 0.450417904086652 -0.459896546084963 -0.519980047572825
-9999 -9999 -9999 -9999 -9999 -0.474979596848339 -0.571483119435419 -0.163799022746401 -0.0112438498258841 0.51033565009041 -0.086259980678547 0.779106405127215 0.449255047887109 -0.0547392926245138 -1.57831911289984 -1.39873288852828 0.188054243616837 -0.878015191603001 -1.14743664048454 -0.548929249701478 -0.782918691408652 0.0205857082630082 -0.164051845358243 0.284720248149269 -0.43534176487189 -0.293605864748782 -0.0519978841914228 -0.196316384064258 -0.237713307167961 -0.225382257566332 -0.828207492446698 1.21133700581606 -0.238376136565069 -1.19783427598631 -0.702029965313592 -0.166307656460242 -0.913536328433081 -2.43164956223793 -1.03895946483785 -0.41687121495454 0.374012036428974 1.54301605609005 0.307142788046173 0.0555055033225504 -1.24476195997962 -0.726720144922666
-9999 -9999 -9999 -9999 -9999 -0.298896812005054 -0.705653825926507 -0.470638283791125 -0.461425107474245 1.51913643259857 1.12491735578659 0.47148419215579 0.525426839287546 -0.327103593510295 -1.98616878952302 0.284096261411909 0.677974535482852 1.18646949914829 1.43220244070793 0.876362255656783 -0.838287611240189 -0.746727173979262 -0.0800732922059506 0.0989540513015398 -0.143018338990076 -0.173015833389473 -0.239027652237693 0.0704341245136779 -0.137111150725224 -0.828555475560442 -0.591946630839714 -0.167145615623447 -0.642959431254414 -0.26627991203115 -1.13413920787579 -0.839298115686709 -0.954589872244974 -1.76971790195433 -0.107238304633068 -0.519659806201115 0.552928936462182 1.77384266190849 1.93417492896558 1.1056270278586 -9999 -1.68267092800679
-9999 -9999 -9999 -9999 -9999 -0.0658864179026296 -0.346411016383415 -0.64938202340246 -0.0708168512399692 1.81785163877806 0.820751098296462 -0.659055696668377 -0.68376233920049 0.684644404387697 -0.400109343459219 -0.174338452048521 1.03649497642544 2.07378100889786 1.941138540367 -0.705614641892438 -1.49640265885565 -0.894020712415319 -0.0816792169414681 0.197541159649063 0.0439593210512479 -0.244602626368055 -0.376892976315107 -0.147244840329941 -0.5702295724737 -1.72170902311336 -0.91296563466358 -0.228334981831295 -0.467066055397873 -0.895263582210735 -0.573245786167971 -0.391224274013489 -0.517499065067509 -1.20283939142729 0.211222057463098 0.100326538303494 0.612750910812588 1.82096311621099 2.63084226284079 0.260305551955242 -1.84915787289778 -1.15617932348153
-9999 -9999 -9999 -9999 -9999 -0.633445854413326 -0.23919373243833 -0.175270950254439 -0.480367196191181 -0.202973747118045 -0.939973532638121 -1.76390536531511 -0.00684469605151848 -1.05328062044857 0.0543321656152482 -1.50470905804303 0.752329506350028 3.61814502707666 1.95304284830837 -1.40285114650095 -1.87633674488456 -1.82981991310906 -0.0982190748117676 -0.156182622346022 -0.204449400008098 -0.170228326471789 -0.28851813715145 -0.137058269970128 -0.382450714753414 -1.39308170097597 -0.939443442896555 -0.944473627823539 -0.561841570467156 -0.679165614094487 -0.65397170368416 -0.721220326279117 -0.834709232535354 -0.963284729747573 -0.0106124701738219 0.441017064202117 0.292316280122279 -0.36474153787047 1.32448959889838 1.97271087010256 -1.85558621719704 -2.58171494782821
-9999 -9999 -9999 -9999 -9999 -0.337900611179457 -0.528937424123594 -0.834223075393771 -1.03098794201475 -1.27449101630397 -1.57887116029551 -0.120999886970367 0.925502978296642 -0.611977039876239 -0.755097588983168 0.822178944215004 -0.124140841913132 0.668032104631874 0.105949985246901 -0.45850909123154 -0.522238939045428 -1.12272584049405 -0.683126825090522 -0.375318680127404 -0.183434797256654 -0.39333815433424 -0.373475388852251 -0.124567368578254 -0.0211242194337938 -0.569899860308061 -0.305231670430252 -0.596477798222041 0.0735548866063598 -0.469975620885796 -0.799458814630634 -0.97710426532751 -0.369982384664366 -1.01655954297313 -0.249636775111107 0.937381200665774 0.966851392244826 0.0803053480787474 0.461467333239632 0.125488789988207 -2.17034875453178 -1.67398117383563
-9999 -9999 -9999 -9999 -9999 0.00217783030449608 -0.381294226043918 -0.330999674881293 -0.267832487018572 0.727254746032153 0.457212404545861 -0.0453242101044238 0.417343242264077 -0.729401669493505 -1.59281801279704 -2.4487841913017 -1.31046107895238 0.10764470765756 -0.525487596767295 -0.258891043397274 -0.792651764402859 -2.94702117654811 -0.490806295334358 -0.313803036312855 -0.46933592546219 -0.527507179119654 -0.332860367161773 -0.097109615051867 0.433826128896918 0.00239808374306442 -0.714205009954331 -0.37375821096179 -0.4034644739741 -0.670965028793653 1.13582812113728 -0.629913479898291 -0.210812715086445 0.656609330504293 0.705112047448194 1.13921886790041 0.78568265804281 -0.0853414198212793 -0.0899081099755745 -2.87339131608799 -2.81408466615127 0.0274542998846129
-9999 -9999 -9999 -9999 -9999 0.0249409390013241 0.0071734209573768 -0.0562718184025299 0.390514741509284 0.330755300835952 -0.444150680126165 -0.113185539317443 1.44208038824277 -0.994210836478385 -0.777503364543194 -1.90558548405732 -1.99192267763364 -0.137327682549242 2.72026830253327 1.39829377062793 -0.463584059020969 -0.690388351440475 -0.632034554165584 -0.37820771430457 -0.645216512113192 -0.618802098478775 -0.131257716936332 0.481906566997091 0.404553568141537 -0.380929251064441 -0.928949700716197 -0.675658007038449 -0.945763156249216 -0.882109161692697 -0.10266156528563 -0.238155440336685 -0.0411902952730324 0.885613905915818 1.03122065363827 1.32751985691341 -0.601409657549383 -2.41023152326327 -0.569458893320994 -0.12009322601277 -1.49084883384248 -1.84358107629188
-9999 -9999 -9999 -9999 -9999 -9999 0.104049692687228 0.0496570704742053 0.0613608616449639 -1.0141915384257 0.104487074963834 2.29463244239972 0.0183485505454625 -0.335384964762336 -0.840704808579981 -2.03974526136703 -2.40642372296584 0.711555878377548 1.46076185537787 1.066835131154 0.648925433686009 -0.314908716714788 -0.590335542341075 -0.149320705518946 -0.100815995332354 -0.0955424470152299 -0.407813035140015 0.392978399927216 -0.0587169641462345 0.263445713543481 1.37552697765015 -0.26604884057497 -1.33213019278823 -0.66806614544826 -1.19315392709938 0.513306983116318 0.0164382750431715 0.635913545816429 0.38421557378692 -0.0905528424756738 -0.105262190144683 -1.69048162359259 1.73201454266353 2.26955959299329 0.883851319113332 0.999732218491092
-9999 -9999 -9999 -9999 -9999 -9999 -0.125601085079975 -0.352953202106275 0.444989429995804 0.776205213971932 0.475396964857196 1.7220484196627 0.0632112391154236 -0.931109216584493 -0.91190196787986 -1.3069470966638 -2.36124151938677 -0.104068070011542 1.373821464838 0.566730951700723 1.63241669123667 0.900234763496647 -0.195215615209264 -0.116673679897346 -1.66073705322671 -0.479161791386796 -0.400913219125226 -0.0416561147720621 -1.06022863657631 -0.173912689371519 1.97675697530006 -0.752501973136667 -1.87535825080281 -1.48898213177003 0.0893793622292785 0.127405711702505 1.53840866986986 0.670769290000774 0.895452963682366 1.04693363668728 -0.205478536983971 -0.827367640744482 1.6504604282168 2.66008079043575 2.24977061410425 1.17489551491824
-9999 -9999 -9999 -9999 -9999 -9999 -9999 -0.180376786588958 0.308199988481772 0.957359990492248 0.0270249846948566 0.507483526832354 -0.277730439841623 -2.62647714282411 -1.07648121456077 -0.90723516049844 -1.66434404950307 -2.05955399194399 -0.898376518172724 -0.0265625022807196 1.19233846090332 -0.282758592437189 -0.0137890050586563 0.179869266796772 -0.684260994871603 1.60469856423189 -1.1344498291655 -9999 -1.71716705315041 1.05818392012235 5.1563437010829 2.21000527403372 -0.115381322383936 -0.0997478540184917 0.477487768192907 -1.28916350626728 1.81366055748022 -1.00425597108327 0.668333578995029 0.98829106358392 0.80819723120029 0.569723793699338 0.320954579597074 0.0896842495501359 1.47638472726012 1.3795379596316
-9999 -9999 -9999 -9999 -9999 -9999 -9999 -0.451585756954972 0.146916856761982 0.0179316778081166 -0.0691829672066032 -1.09939352906832 0.356710247854879 -2.70030537353109 -0.696634886347807 -0.1415349183728 -0.268366570790667 0.651811521476394 -0.880222555088615 0.515762362053806 -0.791382298872822 0.0720626062806807 1.0342851738929 1.9520207221899 0.243926078098225 0.932959066044 -1.78335570628154 -2.53565160338872 -3.09216316900888 0.607007587031805 2.79452067217937 1.83408890553065 -0.850579247208034 -2.24718915079848 -1.01406786828322 0.41972573938527 1.53771410744018 -0.476476679003785 -0.849840280062453 0.391211326495764 0.413062564279082 0.733883847302753 0.508134678815507 0.311232911326711 -0.465222814755964 0.301361041731191
-9999 -9999 -9999 -9999 -9999 -9999 -9999 -0.586800951983325 0.165080742774787 -0.325364188863488 1.39825817104842 0.737791217925632 0.90075680932386 0.12374220766775 -0.790943125536171 0.698261971697785 -0.0589202135188974 0.280513845274923 -0.671021912882257 -0.650063237431477 -0.946409827718627 -0.696121175409863 -0.0405435829319328 -0.454212645833806 2.77466415389546 2.94352433316093 0.782655908915804 -0.25527181513928 -4.39876927258007 1.14826695156731 2.47522662191424 -1.39436490316341 -0.288055066319451 -2.29211971912266 -2.31941935029969 -0.943796867359341 1.67508281285356 0.796338616760001 -1.26127332867251 0.286601818813161 0.11373751778747 -0.491128806108683 0.139052714635533 -0.167010882325437 0.750506809446318 -0.45726808002457
-9999 -9999 -9999 -9999 -9999 -9999 -9999 -9999 -0.756765880487451 -0.127020745598733 -0.502861325028321 -1.58424230304424 0.160062765407265 1.33010389840387 -0.897158688705835 2.552969416551 0.92368664904092 -1.0019927547657 0.280240128866717 -0.100951409837803 0.714814932053692 0.395897211901056 -0.129075849892513 -0.321833047991621 2.50257530157134 4.01903408428735 0.374294234482818 0.22088992112052 -9999 1.95260318287145 -0.287516021011114 2.58475581006282 1.30687367172906 1.02038673551281 -0.118796525371246 -2.59611613757676 0.332931740954805 0.585046701126058 -0.302853081539893 -0.297171751470426 -0.744599066845153 -1.02862420787767 -1.61628368213356 -0.0467282297951838 0.0594607550524724 -0.227482914141052
-9999 -9999 -9999 -9999 -9999 -9999 -9999 -9999 -0.570949166885704 0.593569497109021 -0.270894866858207 -1.49631791692732 -0.236264818052562 2.30728367636197 -1.64528077824982 1.71037265790398 2.05660258792548 0.141094349698123 -0.00988601043849518 -0.501116791453654 -1.35884354315433 -2.07087233516983 -0.435969753996678 0.941738527697711 -0.547306752224312 1.41637058738884 1.24236119494471 -0.973171310958316 -9999 3.51099203164428 0.397987381602715 1.81603143493498 1.96725813783072 1.26976988015422 1.37116454416754 -0.958261664768175 -0.45510978543002 0.842146474235283 0.219651915299677 -0.356475871127663 -0.309407504963701 -0.966905317515414 -1.54454316726637 -0.789936485158299 -0.116900161745018 -1.30930748483316
-9999 -9999 -9999 -9999 -9999 -9999 -9999 -9999 -0.693124002767139 -0.804030086592337 -0.606241173953557 -0.660291051296755 -0.931183329527643 0.48020844110168 -0.358466138498578 0.643105257741729 1.16130490266708 0.518725948677127 0.870891084057355 -0.199668494789579 -0.862970825016056 -0.608342519659389 -0.370074553327403 -1.23397995483372 -1.61626977160218 -1.96599509795503 -1.76965617608246 -0.891824092566377 -9999 2.44906788731134 2.99228796608031 -1.56973133361103 2.70956017293187 0.700579473336742 2.59276827033412 0.945719390384613 -0.23899298275825 0.89139622716802 0.76743886505439 -1.42796806311746 -1.62313568553139 -0.286298344019364 -2.03156463738779 -1.27949276868843 -1.20511658687846 -0.626513716838457
-9999 -9999 -9999 -9999 -9999 -9999 -9999 -9999 -0.324704794691859 -1.40503677074174 -1.12986708621015 -0.890872590127608 -1.53921992217334 -1.68707224704447 -1.15722015744479 -1.8450281456953 -0.763232474864457 -0.180205984208444 0.276115482584324 -0.303776093328709 -1.04583532256753 -1.12987218915828 -1.20560032295767 -0.076452439804613 -0.276663251859019 -2.06559792978946 -1.77369414419641 -2.82778369432179 -1.59932551374405 0.767841246545692 -0.122150259237684 -1.43224770424941 1.49456502801492 0.504556769587217 -1.46184317421569 -0.01201870372484 -1.87371899936946 -9999 0.840140150770101 -0.808675885832508 -0.68228233412673 -0.358525883179626 -0.871691861097469 -2.02458779079642 -3.06006284487409 -2.66165349082087
-9999 -9999 -9999 -9999 -9999 -9999 -9999 -9999 -9999 -1.99820655804735 -1.53350549215663 -1.24147882044388 -0.953656144278362 -0.914135063540084 -0.518724758747828 -1.29258582574997 -2.30814935248579 -1.28711170360018 0.0125017896065585 -0.864678388993138 -2.12107846894349 -1.26942023131853 -1.69710269316811 -1.41344328144113 -0.0881936183693439 -1.66460545376655 -1.68748801629641 -2.01319273490081 -2.0982136846395 -1.98799606612372 -1.68303219826063 -1.1817737557038 1.19393293236415 -0.677795323045747 -1.34440265252168 -0.906876281892022 -0.258878762769958 0.976006086863678 1.09974742685455 0.5855927854058 -1.00644695590311 -1.13017008756708 -0.976282436603611 -1.0051830878088 0.363143607043534 -9999
