Model-results/Spatial/Snakebites/Incidence.asc
NCOLS 53 
NROWS 93 
XLLCORNER 376490.070567719 
YLLCORNER 384721.488324056 
CELLSIZE 4595 
NODATA_value -9999 
[rows 40 to 59 of 93, columns 0 to 43 of 53]
-9999 0.00284926548991291 -9999 -9999 0.00345533435200995 0.00333410071520575 0.00347815879653019 0.00423283794969249 0.00426746984746216 0.00397614001647448 0.0045400459236933 0.00411375719400857 0.0047286138650398 0.00506334771819789 0.00477226920944824 0.00394029889521427 0.00427892487881548 0.00486288797917051 0.00445770985389928 0.00533315776530006 0.00525252035879065 0.00518464446935678 0.00517203206955126 0.00545938660601094 0.00635511491190576 0.00606147220680113 0.00670090391632762 0.00632717539217093 0.00626916304237211 0.0051221542152286 -9999 0.00439537019539267 0.00427367986969096 0.0044741954069416 0.0043154322933116 0.00503897251106961 0.00471897678243371 0.00440316579871204 0.0041260124306999 0.00448545225664142 0.00382078763706421 0.00186889410849942 0.00273708661787715 -9999
-9999 0.00293348082290384 -9999 -9999 -9999 0.00310043819928685 0.00320737302861857 0.00362504672134298 0.00377901455020401 0.00398248349896155 0.00414478265153794 0.00477802717145193 0.00505934933941774 0.00477958115433641 0.00523954556855181 0.0047703542244569 0.0047051535533625 0.00531746123043908 0.00517256938191785 0.00488664765975793 0.00498259807981835 0.00593088039347652 0.0054376702846164 0.00542717424368075 0.00682102527180503 0.00706402818193282 0.00662166409591583 0.00585020347412912 0.00599140289004708 0.00510955334577707 0.0045792787555847 0.00389755392018758 0.00431168987018616 0.00412342659692762 0.00364275094194603 0.00437417568517979 0.00538224904753057 0.00446827971302534 0.00483828363397041 0.00386934233700772 0.00375187243510395 0.00434143230304269 0.0028122691608221 0.000799490248543157
-9999 0.00296359810521464 -9999 0.00120293987328953 0.0022073030169409 0.00294827674652985 0.00374838783279301 -9999 0.00356843862562087 0.00448574615930679 0.00412841941857772 0.00385190180776852 0.00448461529211174 0.00600026933516134 0.00473565582320551 0.00472809637908929 0.00456840931421141 0.00454995657631615 0.00512375058220985 0.00514703407197686 0.00524320036257889 0.00563400638482668 0.00531583266415774 0.00559706360798053 0.00588435185419693 0.00604593243082355 0.00662105690557265 0.00542438406920295 0.00558409513230718 0.0056491666190843 0.00448627654232273 0.00320159976032252 0.00376748312391411 0.00373598743085508 0.00315111055467297 0.00418554718614453 0.00467351123348087 0.00453137788170107 0.0050390210593229 0.00412083402883491 0.00393646241577419 0.00409048362344205 0.00415842365738196 0.00208937404654737
-9999 0.00151303844106546 -9999 -9999 0.00158352988066781 0.00321593143210893 0.00347751619932793 0.00338469378780634 0.00365962301969556 0.00361045368067842 0.00406298171064124 0.00424908051182997 0.00435237207867458 0.00459907294978528 0.00438495918474547 0.00453156554328331 0.00473466530749527 0.00502086125456618 0.00594795969139572 0.00590166455358566 0.00549774273458054 -9999 0.00535323521021089 0.00488275842603225 0.00569272331948096 0.00580543332844247 0.0051961789776192 0.00642123563126831 0.00540545446594378 -9999 0.00426371566010461 0.00385385204098193 0.00363186635626092 0.00371510992208175 0.00325329768031231 0.00402767798532208 0.00442358665268066 0.005243477551621 0.00501984529907515 0.00422026148123802 0.00437207651910509 0.00369909982240934 0.00383296080479397 0.00347384074246407
-9999 -9999 0.00247714080856652 -9999 0.00260760267931007 0.00359905105946568 0.00351453953334346 0.00348397658875943 0.00407300604804222 0.00392480469324344 0.0038206956842591 0.00418139988657203 0.00435488300495493 0.00444799010835432 0.00477359272863239 0.00485610616583325 0.0050776885655899 0.00549349994385564 0.0061895995046039 0.00588307901072099 0.00647440893378653 -9999 0.00559061838927059 0.00489099338323258 0.00551275486105839 0.00549192410855709 0.00563529838111883 0.0061412559719371 0.00573500125559726 0.00531261445548965 0.00513874011219857 0.00358632744375062 0.00394997319810075 0.00346541666015599 0.00318543826882675 0.00434584726436052 0.00425752265061865 0.00521720759507035 0.00463253508829716 0.00424262846211522 0.00392519605264608 0.00410564798401932 0.00433627796660567 0.00366779930510311
-9999 -9999 0.00252824943013648 0.00265981006699341 0.00328368726338778 0.00407787169125651 0.00432025966038442 0.00383195735937161 0.00358595511620768 0.00392543437825463 0.00380138622724444 -9999 -9999 0.00440696311640891 0.00462875168794744 0.0049600134794256 0.00488030843040155 0.00578108892223911 0.00614985404150085 0.0060893886287245 0.006150645504135 0.00594758102436884 0.0051525636557033 0.00491486392126065 0.0049414896657781 0.0048283212479478 0.00556329469888775 0.00614867460513669 0.00603523392697264 0.00509514188111508 0.00561349901007429 0.00472841862294177 0.00349872969334049 0.00311785131672527 0.00374187389987965 0.00426445147550728 0.00424490006985133 0.00443182562808433 0.00359360226709974 0.0042021593866709 0.00419195715432627 0.00402912402035862 -9999 0.00357760364269218
-9999 -9999 0.00203743220729218 0.00291036618640857 0.00359347391523011 0.00318526949857855 0.00414179854216769 0.00388000669787824 0.00388360490436284 0.00385144531453926 0.00372172545167878 0.00452136126068925 0.00413297015036993 0.00468041513261592 0.00441295951893134 0.00462421596023691 0.00511067223100869 0.00611589417475629 0.00698061746945157 0.00697388416089276 0.00670058273159353 0.0073931112758506 0.0071237368501941 0.00572943386236885 0.00520622330211054 -9999 0.00522587412777503 0.00622369838056759 0.00573615262131516 0.00593386255120173 0.00586575508336238 -9999 0.00381967047001102 0.00382110484784497 0.00396237003824781 0.00415203599330714 0.00437674084018335 0.00389821026762177 0.00196385947730053 0.00413104551832579 0.00434707607394388 0.0039575810764309 0.00375460536279854 0.0035989053460876
-9999 -9999 -9999 0.00292995831743723 0.00296724389491092 0.00321427019124023 0.00380562385580019 0.00353753462063429 0.00393720089535303 0.00412728455830031 0.00408660505793585 0.00409763743202558 0.00455000916161949 0.00459093055203284 0.00430306149522432 0.00529848863140945 0.00577332317672426 0.00635056029402671 0.00639520358953698 0.00721859336742542 0.00788056535937587 0.00657656237927212 0.00593425595083621 0.00589328192547999 0.00547746727338205 0.00564898129902246 0.00538043389425971 0.00604116952071381 0.00583979908843151 0.00561698004383837 0.00534298807897984 0.00485431810291508 0.00461641065614332 0.00410096526642875 0.00411580323288874 0.00484832996159416 0.00512762700782134 0.00405694433113569 0.00439138291483539 0.0046790526220853 0.00441513588678801 0.00413164862818689 0.00357136678417168 0.00382921685391716
-9999 -9999 -9999 -9999 0.00342000617541779 0.00332679291501466 0.00370500235142143 0.00370214719910688 0.00381331175600813 0.00350349509443087 0.00377966430718554 0.00359131328126056 0.00395912315085143 0.00418315549179506 0.00439047190129721 0.0053788084509535 0.00611644953768635 0.00670528079169 0.00686794438255799 0.00779451716881558 0.0065893165614981 0.00632807151596165 0.00552289946326522 0.00576933150026422 0.00540304800545773 0.00546438012094626 0.00651876729470973 0.00617314328887886 0.00607743355490725 0.00570425246423437 0.00570151433196721 0.00554079274744577 0.00435503929405591 0.00480178261236143 0.00531932648120831 0.00447892114364422 0.00579510962757743 0.00414322715813932 0.00476760928431484 0.00519915004262706 0.00466462095915111 0.00396597346298865 0.00450939327305264 0.00427882495430545
-9999 -9999 -9999 -9999 0.00339627967181002 0.0039098464404543 0.00391144640913337 0.00375316607648971 0.00344396272257808 0.00385400926326048 0.00342317714777522 0.0036013262413838 0.00398466491556847 0.00436984352215734 0.00468317733775554 0.00545311574384084 0.00602194121328542 0.00676223940272354 0.00675455224568192 0.00761334669756715 0.00731133684991762 0.00704735655192993 0.00558355854165071 0.00616712689563659 0.00542312641747779 0.00549408508782801 0.00637574383372412 0.00571545798740896 0.00619817533373175 0.0065116263143287 0.00573177711798627 0.00535912512424597 0.00487024017105623 0.00443738988917401 0.00491224176755832 0.00532263975082834 0.0054300665444301 0.00456841829321941 0.00521762339587043 0.00609590388918068 0.00544878540841251 0.0051458085646565 0.00412640881104326 0.00459224008245889
-9999 -9999 -9999 0.00211438755979168 0.00319294684240516 0.00350563304692263 0.00335621485793564 0.00361377250279947 0.00364965767008176 0.00341555396572666 0.00357863731949516 0.00360260206134863 0.00419675035178088 0.00462194384527442 0.00517068614873936 0.00589747288514576 0.00592286122053808 0.0067678464010061 0.00683764739089847 0.00734448823850808 0.00811701825878977 0.00716644035866279 0.00563428821657254 0.00545957443828614 0.0058444591918406 0.00619174039043967 0.00621953191792097 0.00583983079332068 0.00592154813740702 0.00690960941011469 0.00601510016341044 0.00566259950846601 0.00515724464605102 0.00460604328363364 0.00477178978679277 0.00585374173524481 0.00584008706288612 0.00555540613497869 0.00472062000493704 0.0058507753668482 0.00614045875383993 0.00484008550155415 0.00516773713131318 0.00466046372623849
-9999 -9999 -9999 0.00181335289177069 0.00309742696364184 0.00366765675490659 0.00349901204071133 0.00309551541672403 0.00343164614228456 0.00366263712320218 0.0037796397136574 0.00390134902193067 0.0045107231047344 0.00526410736638677 0.0059050046251707 0.00572088018437919 0.00628063683992906 0.00738089374249797 0.00761816744324544 0.00721034788934752 0.00768647726544169 0.00698821017173963 0.00565433759897642 0.00568719538873388 0.00621742846006966 0.00588432560408405 0.00619643225179222 0.00642469496013798 0.00557874137014389 0.00691644385278814 0.00613971852558746 0.00595786678590475 0.00510975886911245 0.00472895241733246 0.00525936128823615 0.00633554959300303 0.00554313892330073 0.00585272334149747 0.00542291114826446 0.00699164441235332 0.0062637730504446 0.00541953724672241 0.00440034051243539 0.00509870442518903
-9999 -9999 -9999 -9999 0.00327455001139744 0.00386748332680456 0.00405353728468127 0.00402363937506264 0.00407372626102979 0.00397283671275244 0.00398109704586332 0.00416550791567507 0.00485296194311186 0.00505507485249813 0.00610009567253684 0.00632636781044821 0.00778563421439513 0.006715265782769 0.00670370182343445 0.00689863890674905 0.00711657773460793 0.00607363940086752 0.00502716608876492 0.0052066476022669 0.00596741006558267 0.00611979492532607 0.00610538651671264 0.00630417839280971 0.0044188185474051 0.0069561864842464 0.00514307562799477 0.00520372310678563 0.00483202801208486 0.00491512422068088 0.00527102312345895 0.00686873188253681 0.00510615758107785 0.00509337563065639 0.00540449490804158 0.00767799450447761 0.00560035707836013 0.00604882450350053 0.00583873703003297 0.00502285932452587
-9999 -9999 -9999 0.00165021675821927 0.00315420565378423 0.00317895908808839 0.00319950724500945 0.00339627789945379 0.0037712620327604 0.00440178493503491 0.00462390530912718 0.00481743510609103 0.0044367672221128 0.0059287121832858 0.00668658997478771 0.00680355575724553 0.00723798349306186 0.00609367505146331 0.00558451173231584 0.00732890486227275 0.00633283900276416 0.00485063031004215 0.00397896064536504 0.00419993460332352 0.00494394832292492 0.0039862939834033 0.00676989010663975 0.005775674958706 0.00525511523090855 0.00671751486482616 0.00512078787450627 0.00499717223277674 0.00459255640648873 0.00473436827830241 0.00638423731659347 0.00754012721464148 0.00598150141368152 -9999 0.00730690442466811 0.00738379281297129 0.00603039016323221 0.00516480702813481 0.00508491445700534 0.00532414531177585
-9999 -9999 -9999 0.00178153497457804 0.0031298956115677 0.00344356563874517 0.00371028105575913 0.00402387699787768 0.00404779467799268 0.00378353221548583 0.00439016391667991 0.0053165747322239 0.00542598219378758 0.00565099432044002 0.0058730795474678 0.00676365231376104 0.00649847354820451 0.00558256478816527 0.0054922363396603 0.00631192428664594 0.00610829174330623 0.00532860387296863 0.00448450235241655 0.00463298932908045 0.00448214407048572 0.00294860120591907 0.00497374191230569 0.00566840746184106 0.00575875881290538 0.0063382689651217 0.00564129745308878 0.00499575457933134 0.00490590187109603 0.0050075669470967 0.006192344257425 0.00729534609740421 0.00517830412102339 0.00704897674938254 0.00787053078268884 0.00879368926207368 0.00528652666129805 0.0051769652801678 0.0060359292961846 0.00686542502696464
-9999 -9999 -9999 0.00179128492281136 0.0028031043548799 0.00317105474563699 0.00338656737427356 0.00354367875012637 0.00372412404307573 0.00417733023309556 0.00471729009508638 0.00506754863596027 0.00466027016539648 0.00605967227370178 0.00561025796069435 0.00677048844167688 0.00512935896522075 0.00573095659619835 0.00652013152490325 0.00551067975285002 0.00524824986594111 0.00513075467168181 0.00410157604217052 0.00483720394157307 0.00468944536250455 0.00302409959508222 0.0035101713914552 0.00552913566632739 0.00584084275441901 0.00582370677650033 0.00495202855095291 0.00493002093386077 0.00489458632935477 0.00505870006613394 0.00521929432788384 0.00717359675510993 0.00771594769950401 0.00711214323372904 0.00824434785047578 0.00683421897578117 0.0060596827254334 0.00498150406891994 0.00588121729628197 0.00603341539974399
-9999 -9999 -9999 0.0014459275288744 0.00244521824431954 0.00322748319753252 0.00339144236626319 0.00391285545444972 0.00369448174316274 0.00358996273643694 0.00480089306455168 0.00536614651868637 0.00463405267701135 0.00523973782398942 0.0065199459039741 0.00689079211020583 0.00474576890553905 0.00450941440625727 0.00486314699774456 0.00541302455642512 0.00444700848640758 0.00469113721878901 0.00261661184192875 0.00292074418204148 0.00352276412922796 0.00227648721601372 0.00281666414341495 0.00380568961857736 0.00393601235880472 0.00540609829218209 0.00470110513352628 0.00464306367060746 0.00532426116254865 0.00510271176347675 0.00578165480379705 0.00683687921336529 0.00749313594876057 0.00784646640766135 0.00683896795266444 0.0072737049010777 0.0057609299672197 0.00464753964691958 0.00637640140241173 0.00631525573419554
-9999 -9999 -9999 -9999 0.00247293311458571 0.00318526025375539 0.00356285028043307 0.00389382526129455 0.00441321445508498 0.00503831731729323 0.0046316813658641 0.00508892031714388 0.00488433610170207 0.00491743579884748 0.00592862093913577 0.00646492420476655 0.00478322610986138 0.00482685153300851 0.00506360432627585 0.00439952005953795 0.00434391701764801 0.00435119699815107 0.00369263174322468 0.00282028739389524 0.00332732991973592 0.00150796160677707 0.00158195504736741 0.0023939392860723 0.00355667825949734 0.00384547005638587 0.0046261500216548 0.00460708834942964 0.00542974455434867 0.00573754045615589 0.00698629474311397 0.00790291302277034 0.00617415152431898 0.00626223011240353 0.00644737011733571 0.00767089756506095 0.00619664801863928 0.00538809403932857 0.00637811495071272 0.00573486776614669
-9999 -9999 -9999 -9999 0.00229817433470394 0.00259598954231783 0.0032051288879688 0.00385133270218983 0.00452057065406727 0.00478939963570484 0.00509458768381408 0.00451515100882861 0.0046533542941766 0.00500135664346406 0.0058425056266293 0.00574075817908798 0.00460650755601853 0.00422148525503873 0.00491401116468532 0.00577986009697877 0.00447660005598607 0.00429131974414374 0.00270346959143963 0.0023071336464004 0.00271914642693016 0.00180200769534452 0.00250779175006764 0.00159373497427296 0.00308257560068219 0.0026121477228106 0.00347864022130053 0.00486886366940099 0.00572594548999221 0.00643933298545644 0.00670192970612259 0.00768188506205327 0.00692253660725182 0.00627664987978436 0.00605996512260625 0.00678497170304555 0.00553540007499725 0.00593428780587833 0.00701493207686093 0.00736505288468723
-9999 -9999 -9999 -9999 0.00173280340166606 0.00231108538925064 0.0028239440449844 0.00378961544292308 0.00420664469254315 0.00462190473004634 0.00448982774898337 0.00467387720362818 0.00543975326121497 0.00508764015286297 0.00531035709884207 0.00451908645331361 0.00455546937816037 0.00431386610733094 0.00534604933389217 0.00605935631344831 0.0047102329451857 0.00294948676187886 0.00301681972930338 0.00197467074433008 0.00211597857043916 0.00238004536290248 0.00285513697874494 0.00194846312333273 0.00243726999289843 0.00269787836841808 0.00453686466322152 0.00527163754345656 0.00557109949226493 0.00575959204925083 0.0056369728249704 0.00672439641881327 0.00820480785957823 0.00629160163642242 0.00633863911589739 0.00596247278874394 0.00629447681766963 0.00644855759195517 0.0064280296970786 0.00638902661572702
