Model-results/Spatial/Snakebites/Incidence-residuals.asc
NCOLS 53 
NROWS 93 
XLLCORNER 376490.070567719 
YLLCORNER 384721.488324056 
CELLSIZE 4595 
NODATA_value -9999 
[rows 42 to 62 of 93, columns 0 to 45 of 53]
-9999 -0.542271801855812 -9999 0.240880740576474 -0.965641925471716 -1.68190643130155 -0.786388694555493 -9999 0.0870772379998678 -0.344496781959093 0.596037036772908 1.57284557916279 0.431024517986306 -1.3190464771903 -0.195848352880891 -1.1763979415345 -0.88475993941192 0.0564836765617287 0.142163702201496 -0.435150086458112 -1.21031421657584 -1.64085317210836 -0.705719747389796 -0.0856372380575287 0.117899157856733 -0.151580408900251 -1.2310323202084 -0.200331025677463 -0.177005807403237 -1.03150063803975 -0.032421543788832 0.401471733581523 -0.758442336365923 -0.821056591363863 -0.072210864475356 -1.16149579397338 -1.09279054750676 -0.519911020551108 -1.07662232945952 0.00855980601310607 -0.572789199934782 -0.743775864805426 -1.04462792098744 0.496939237383311 -9999 -9999
-9999 0.590654885948121 -9999 -9999 -0.373488950592468 -2.02010632071496 -1.3716028675686 0.0402357675596413 -0.0601206335890513 0.734466627092218 0.536188770464557 0.295915978816859 -0.354794932330967 -0.59835236348129 -0.475246690112872 -0.732267465010037 -0.937257855513594 -0.604260739141691 -0.308726468049983 0.000530957051367676 -0.953897125272515 -9999 -0.954934165758174 0.516445684342007 -0.160745146345244 -0.423744876981305 -0.521189144563898 -1.64179218896111 -0.136600879136935 -9999 -0.566072611190833 -0.513149368308217 -0.82648798167212 -0.917358818529114 -0.454057411481613 -1.02530086769132 -0.987867204969468 -1.48601336353067 -0.998334835077662 -0.110002736022455 -0.991984221585872 -0.294677370264451 -0.622553495272052 -0.452496412971321 -9999 -9999
-9999 -9999 -0.0820067838398729 -9999 -1.41245232859062 -2.72224662116568 -0.785385181524455 -0.230093191684688 -0.241179840352802 0.0338156461171416 0.381373101573252 -0.172293157192121 -0.841446110321037 -0.986503408710918 -1.35853553923745 -0.947268230376206 -0.918282409407795 -0.711063653389955 0.150822696685577 1.07757951758077 -0.20832751250513 -9999 -0.919885532730672 0.152767983079389 -0.573605579471164 -0.997049542380958 -0.812257403507824 -1.17531387332089 -0.498959998492609 -0.347587087764704 -0.930608691803454 -0.573980118655036 -1.00277499152182 -0.972163892077617 -0.486059367541399 -1.26279892629604 -0.815528141850824 -1.71937444064598 -0.574800730012639 0.031537599319589 -0.965802898916229 -0.607523269819995 -1.12202264462092 -0.521704771806087 -0.430303205190982 -9999
-9999 -9999 -0.183908287417896 -0.314734682678185 -1.61804160285604 -1.91847508122869 -1.29941778321589 -0.849174562140224 -0.426734468389827 -0.839394660283032 -0.665228304081469 -9999 -9999 -1.52172065889013 -1.33808584005871 -0.839413193605231 -0.221720531771475 0.00957850151814211 0.599270860881152 2.21865180688292 2.03205569717062 0.68772017892924 0.551734705535556 -0.142843319277876 -0.400032260936599 0.136585416766653 -0.412484629581789 -0.263778583823694 1.07039859286577 1.20833613489747 -1.06597490884577 -1.56670041050036 -0.797415842010049 -0.702354752901693 -1.11747126539596 -0.73467084050246 -0.496135956519561 -0.537392775256332 0.163211628974832 -0.491531527703217 -0.540673364219822 -0.549312822197795 -9999 -0.502672521516406 -0.9119877663248 -0.156913712822256
-9999 -9999 -0.232511186604771 -0.820070726702461 -1.38630433858731 0.213425655481824 -1.13126807271985 -0.961580598758159 -0.883215585120141 -0.819827574891942 -0.502963325271486 -1.2107984347297 -1.22235900005516 -1.68071441875471 -0.931244075313815 -0.477448891264461 -0.239874175861815 -0.190163411720027 0.0363104160788016 1.48477058260717 1.91724884328809 -0.117628540806829 -1.26286774303555 -1.15145042928961 -0.647209712495971 -9999 0.357514897904617 -0.676436917540258 2.02306525419706 0.553736326241965 -1.59921916275314 -9999 -1.1705188138254 -0.38258815862867 -0.256690150580233 -0.214135977327523 -0.501946804185321 0.408099244477949 2.48018573473458 -0.299595511995899 -0.640625152317975 -0.282462366678992 -0.244468786058909 -0.231822545046153 0.101195662211115 -1.22073636659142
-9999 -9999 -9999 -0.656905725605119 -0.732896371571593 0.0335335112138972 -0.550462703780962 -0.478282980614409 -1.13508539525329 -1.09636327224035 -0.822627246543269 -0.673833456684013 -1.11253174061571 -1.29763632993733 -0.487122874348316 -1.02541068990544 -0.738296795965315 0.035009768177394 0.914192801895765 0.714596770777611 0.279664328553557 0.826926077235197 -0.0817306381489847 -1.18856112437769 -1.0651592612378 -0.602722624307868 0.0788462472687515 -0.318708479324273 2.11748564446999 0.581918966755453 -1.03590295771446 -0.939621983116915 -0.797995803482772 0.35423547049913 0.505138904624469 -0.120154167396641 -0.723437350293764 0.196708309633148 -0.250809462504081 -0.455899542457282 -0.670370772902286 -0.445840004829835 0.241015682427514 -0.298462648843261 -0.645754161366418 -1.51298171581706
-9999 -9999 -9999 -9999 -1.03633389890328 -0.0158921160078983 -0.444442449602927 -0.634405258335937 -1.09834317287059 -0.559528904314327 -0.569721222690459 -0.2426372374156 -0.352773701953435 -0.376477998436477 -0.63699292726371 -1.05229377378387 -0.104670592850704 1.35592456413216 1.01467267871566 0.0776538643160765 0.39810291581431 -0.166198944811387 0.0226832273421109 -0.930190494210314 -0.974528774163335 -0.53297566467884 -1.58112003775709 0.420946739715419 0.745562219441035 0.851292965822113 -1.35138038995004 -1.58770203325408 0.438332840342756 0.0546549260187329 -0.497009905633102 0.434250588773816 -1.28180475844329 0.163057028007896 -0.520180452430055 -1.02666477545603 -0.793282052673518 0.0730827185024013 -0.544383529622774 -0.530937620164601 0.904235566446559 -0.119817959239868
-9999 -9999 -9999 -9999 -1.15787466570699 -1.05639992133322 -0.725912396265576 -0.852689569251616 -0.736805757332657 -1.04509262687987 -0.586035895671992 -0.154954868181374 -0.389549514840735 -0.447742483718116 0.198886184819949 0.361969508582651 0.28753791342907 0.976709287469046 1.10529923543633 1.44549253382685 0.577340852252783 -0.758220189134746 -0.322099369768855 -1.97394591895157 -0.865733741559084 -1.94041257719307 -1.24719318964241 0.990231372514565 -0.210221803279083 -0.117884740792717 -1.33267789235 -1.48057022779576 0.224390319982665 0.510162410850922 -0.06930640947773 -0.452888056018742 -1.1868431085845 -0.364625877864933 -1.39318641734258 -2.493146860381 -1.68484633588116 -1.42940094497774 -0.426687186467202 -0.832807907300168 -0.775718287673188 -0.139825394518955
-9999 -9999 -9999 0.264571097620006 -0.685220049895554 -0.674825475327761 -0.355223554202085 -0.727442879971667 -0.876798788649655 -0.15285629542635 0.0774385352538943 0.762840939002432 0.557430068161602 0.547029906428755 0.307893336279762 0.509727748611235 0.985007212554944 0.540636698942506 0.963629885182459 0.815270801654478 -0.917424768814319 -1.79526433257125 -0.669941162997983 -1.39833038936795 -0.816964016327284 -1.03611255497067 0.103533050792036 1.20462427763946 0.135564810010253 -0.914379765489253 -1.94162535534287 -1.87837902676199 -0.445510564911359 0.0657284834428324 0.134108196722162 -0.915473578723067 -0.653992387152662 -0.231285566736123 0.426826823420586 -1.27779084379173 -1.89780598981496 -0.615908601633903 -1.61029672464347 -0.701853876041167 -0.0645524042531494 -0.156863864299157
-9999 -9999 -9999 0.0300199070143894 -0.394673147563446 -0.508532652850817 -0.306141773950638 -0.032750051884926 -0.00204305795865613 0.00148392167810339 0.322173346434784 0.55677867727716 0.227672564527525 0.176612636174446 -0.055474225502515 0.443281171581791 0.295058223235404 -0.866929661614864 -1.14141122162464 -1.01627647849331 -1.49643802669735 -1.24836714744085 -1.53092027365145 -1.51777791444748 -1.2990323486736 0.519702556872016 1.124402281095 0.538217646695412 0.672121836706124 -0.895294121610996 -0.848380407148705 -1.07239451773419 -0.808828261713352 -0.113891247427686 -0.351189693115044 -1.07773039902808 -0.0838002240261516 0.985375254500584 1.03518446049542 -1.22092731594782 -1.69752863910383 -1.36904829128713 -0.463462683505024 -1.03278155103992 -0.17072002040049 0.826698120259399
-9999 -9999 -9999 -9999 -0.668511016347804 -0.938947821078049 -0.923913751799823 -0.71130288676399 -0.786251153993104 -0.191903940574569 0.0360267584762461 0.502180227848012 0.190541115816911 0.556737188969387 -0.340049504052383 -0.903970841192716 -2.36573988571055 -0.615216726253279 -0.446262143373256 -0.529028903839359 -1.32390334830021 -0.319856094189551 -1.14430763366332 -0.763351745993302 -0.616381686024592 -0.292878034319546 0.806467266271702 0.645566474498165 1.81339995359533 -1.67034161465414 -0.375797143375603 -0.718016428513039 -0.834609108003286 -0.412459492805954 -0.468093898807017 -1.44830898041597 1.52311113403906 2.15774478121498 1.70427761878257 -1.34396567233743 -0.357032967217649 -1.92823596550589 -1.70094611674358 -0.859827244662307 0.241983376571789 1.07772739859414
-9999 -9999 -9999 1.06515550803472 -0.429147906852773 -0.48930966751755 0.283863997821942 0.0562178964298051 -0.250059035337909 -0.808550844037335 -0.602277082724325 -0.127431666171902 0.772770970406408 -0.429199112661702 -1.13872059458931 -1.62010186199707 -2.96479837624084 0.0982708175885094 1.00033884891693 -1.33029357215857 -1.52767693086308 -0.61480336899954 -0.574992787401401 -1.17877413402041 -1.00332490811111 -0.805476466055573 -1.42836792460904 -1.86843151706135 2.04323522695311 -1.788128677285 -0.508401911305851 -0.790060033079562 -0.736493242559163 -0.437628990445221 -1.56202274659515 -1.81530661488015 0.44189272401825 -9999 -0.955093175265991 -1.34800361773389 -0.467376102351137 -0.514338931850734 -0.604491487557479 -1.1774010170356 -0.993957734984123 -9999
-9999 -9999 -9999 0.77913360085833 -0.594097430319034 -0.757486884329115 -0.160798088390975 -0.549607703619739 -0.554419484352809 0.111393598369933 0.330229334661796 0.0760242579511795 -0.0675063440250336 -0.4618888623269 -0.348435734135806 -1.30826900577474 -0.720767768418543 -0.403489048653348 1.69581890594899 -0.0120138582013097 -1.06686522256662 -1.00000864997249 -0.767658402407528 -1.39012534492143 -0.754180291981939 -0.504328827377448 -0.992128603588107 -0.938492569061283 1.3197272680041 -1.38297591964299 -1.10928711361631 -1.1811065157658 -1.18029007677846 -0.755577845559623 -1.15200105649885 -1.55641985136685 1.28598871317308 -1.66065071214173 -2.54512737556223 -3.40005418960327 0.344744502530021 0.798912978217099 -0.50065390467317 -3.10150281698484 -0.148204603714823 2.07342601792768
-9999 -9999 -9999 1.02977728230743 -0.576352842130203 -0.87813517320512 -0.215045599243607 0.0172915233993916 -0.236154392180554 -0.138947782147077 -0.234382479564415 0.00587032460326042 0.356328692788179 -0.59291786382018 -0.0868791492735764 -0.838627881753616 2.0973025269066 -0.806826565502818 -0.543799430038004 0.683957979694638 -0.1655275832491 0.375683745946643 0.0518388951460697 -0.948371583682566 0.322938022759362 0.0834401020275145 -0.438308669321212 -0.659195419747001 -0.11107753130603 -0.089544045201249 -0.0459897309538438 -0.947987005769329 -1.02012908758147 -0.615474730425495 0.0982079546934244 -1.56318479211562 -1.65838385996063 -1.8805613697024 -3.78161167734155 -1.82128495961462 -0.698274060061955 0.935503883068541 1.15297599761831 -1.23467567350636 -0.0948567476129272 0.74045629285774
-9999 -9999 -9999 0.320867618999405 -0.876349153394512 -0.819366116740134 -0.0747777630520877 -0.726153046540328 -0.114518021525074 -0.0980883067081252 -0.418914148532521 -0.336107810243282 1.08242211138005 0.625599255889409 -0.926191030294389 -1.67656342265521 -1.90318985265746 0.668028362433458 1.39290736212823 0.532208061331102 1.04863041524971 1.06661000433341 -0.467950911099924 0.979641387012351 0.358135270550964 -0.00899960510177918 0.0746030363112389 -1.16054117332111 -0.722184126722895 0.0132001144360513 0.183424268050693 -0.835652849734838 -1.29666647474378 -0.84041672901861 -1.0503771437922 -0.613534869141664 -1.37474907221123 -3.1208388424365 -2.54944597736567 -2.1973295245989 0.219337823828211 1.73021870280815 1.09411315977212 -1.06364186842659 -0.631899405511702 0.0446140625927607
-9999 -9999 -9999 -9999 -0.342469073659326 -1.08963214262014 -0.491906297894103 -0.384225276699071 -0.843752484592026 -1.42058081850421 -0.657507551883762 0.463603918408404 1.06086255026027 0.689624630855709 0.0251972424211183 -0.536900140156463 -0.2779334234129 -0.154372054045245 0.704979099678975 1.72816066060598 2.24742672265054 -0.0244538035769531 -1.54274740806693 0.0353250234749297 0.0137308887602959 -0.0975041686173026 -0.186473621695581 -0.232663119544992 0.467859593246709 0.0641363619722087 0.100715688191311 -0.339875509568411 -0.897071375276883 -0.885578002063642 -2.03162204453909 -1.01510754459773 0.231649654722112 -1.11016965190477 -1.81957656688663 -2.74910396980996 -0.521544819593152 1.53083291199113 1.07147260146376 1.86958411688014 -0.220694610481775 0.0448561337247204
-9999 -9999 -9999 -9999 -0.170386591538561 -0.496888985396853 -0.252462464609041 0.189201482055565 -0.335294155684113 -0.702402637050215 -0.31205462467268 0.513691685943419 0.708130746132583 -0.151383435683101 1.24633872486475 0.20789327683485 0.482997308168865 -0.416987781296351 0.722140631316376 0.463495088824752 0.78556514059463 -1.28459999133045 -0.791958158048713 0.120420699638571 -0.851097180873964 -0.617050310694139 -0.380862128001286 -0.550250282429453 -0.34394556009789 -0.184151197960975 -0.00944527735200997 -1.01541146400584 -0.575322394480375 -0.930356885011054 -1.64614332475531 -0.982752790495691 -0.362765019289894 -0.697704705871571 -1.08027835449774 -1.22069350364196 0.320579692789866 2.30480422342033 0.385689290849863 -0.349230089724467 -0.701132463088577 -2.62381628828373
-9999 -9999 -9999 -9999 0.0955694947783126 -0.344538175753239 -0.449030035082439 0.0728326076836918 0.0819414461248489 -0.684730275316454 -0.444960346331192 0.3240674419744 -0.825921810626011 -0.139565737325556 1.79793011447754 0.592510836962443 -0.163452984691624 -1.58591081664786 0.668664797306326 -1.08186150916056 -0.389054072686166 0.363938997197775 -0.857778716359627 -0.210391973568859 -0.642728513355104 -1.12929035161111 0.0437209103406395 -0.253878384265386 -0.664722421219028 0.584212026780926 0.30174230505511 -0.269650871384409 -0.90704165582848 -0.436714510425608 0.3989362768705 0.306174806608335 -1.66982711089877 -0.53513241029946 -0.83519484035255 -0.82533320835871 -0.685230659627281 1.33152221631374 1.2362562426182 1.59807144066874 -1.79031244099427 -0.781407002049846
-9999 -9999 -9999 -9999 0.0185080026226166 0.0185925740471507 -0.694458482648387 0.587591722329908 -0.607374127803879 -0.93613247646424 -2.01933339407362 -2.40915425054088 -1.41202344395755 0.477744646447142 -0.0574088552507699 -1.91192553015417 -1.37375975959511 -2.08041390998935 -0.602953891780971 -0.829724493737467 -0.528309787977653 -0.335654920544344 -1.0850227934882 -1.633086556632 -1.04169957347638 -0.8491183320727 0.712048900496027 0.778246673653676 -0.482228288545995 0.399409983275441 0.00676378487327697 0.874460428990116 -1.23853790098146 -2.17793495160906 0.578966286674477 -1.17554046982742 -2.20241601662019 0.625861103510941 -0.360485766646309 -0.20588860505524 0.379054987690711 1.87972323159103 0.411760734717444 2.38402630802445 0.940219380122803 0.484830175886867
-9999 -9999 -9999 -9999 0.00242811247488481 -0.568386679565172 -0.706153381140646 -1.24983070929249 -1.84839721801412 -2.12326095389929 -2.59507158662868 -2.07092782123614 -2.00723590727581 -0.484977118573397 -1.13868432098912 -0.535873785331371 -0.00983348475148966 -1.89150991880945 -1.08943506037083 0.13956451375305 -1.03700317679429 -0.707839372442155 -0.794055985672282 -0.777858651730982 -1.1822801028886 -0.223939137392078 0.326885287586295 0.0732822407294157 -0.196665535981191 1.48275652170225 1.04253992024351 1.18453896002178 -1.60447261511965 -3.10674319982022 -0.178119987416678 -1.29365107824744 -0.859740638957724 1.08551712342946 -1.82519676024934 -2.00383449524623 -0.170431628833845 0.0101660170028267 0.377728874576683 1.72380021451866 2.08960614280861 -1.40658400959745
-9999 -9999 -9999 -9999 -0.179770145583234 -0.23389347401696 -0.703936155729233 -0.51141668852027 -0.522704870744234 -0.869970945888917 -1.41664079064381 -0.245529481286805 -0.803473236987688 0.856881985521038 -0.552945169940951 -1.03924740326018 -1.6127626657397 -1.64441534722419 -0.231108759978987 0.104386929637845 -1.22136020705436 -1.04664766981266 -0.835440736357234 -0.203972513319325 -0.298296460556969 1.02425770434684 0.898866427802778 1.29699152433438 0.530695272950813 2.33933141947177 0.953747610134767 0.738517653471349 -0.822893908454029 -0.986972664074061 -0.926679996662909 0.151529610066045 -0.21109366901877 -0.789525366564399 -0.933189460107537 -0.851700749678627 -0.847608246501225 -2.00566225832656 -0.0750134480739572 -9999 -9999 -1.13865426028807
