Model-results/Spatial/Snakebites/Incidence.asc
NCOLS 53 
NROWS 93 
XLLCORNER 376490.070567719 
YLLCORNER 384721.488324056 
CELLSIZE 4595 
NODATA_value -9999 
[rows 60 to 79 of 93, columns 0 to 43 of 53]
-9999 -9999 -9999 -9999 0.00152714587374533 0.00258326570122409 0.00313916776259159 0.00349955912115923 0.00390730883080432 0.00444543581435018 0.00503756465766324 0.00492752548310022 0.00557371873181423 0.00423312917457331 0.00474718307776663 0.00496891862229056 0.00455082146965117 0.00506270183220285 0.00504213839855406 0.00435429935131283 0.00399115933884685 0.00240847858533373 0.00225598762368257 0.00204322151888887 0.00209116815015865 0.00226783931256753 0.00288824134327864 0.0024141237643114 0.00215973209615217 0.00244620347880966 0.00316102103175814 0.00477035773669157 0.00558395575123235 0.00668872132647037 0.00597299784477092 0.00752635119925126 0.00794954645663327 0.00606921744943067 0.00560301749925806 0.00556632410277635 0.00596142277314074 0.00615130679113298 0.00730820889514638 0.00627906841899292
-9999 -9999 -9999 -9999 0.00114694281888645 0.002214261254997 0.00282760864361412 0.0032718457716411 0.00383002172494701 0.00412795868776956 0.00430592149942363 0.00414576839747836 0.00500639229236428 0.00487908922359171 0.00493161686808075 0.00470961741986438 0.00351814090674101 0.004783904700603 0.00392706871787386 0.00275293127921196 0.00230941081202347 0.00226657846185488 0.00216485063282549 0.00157575306311789 0.00228030954964696 0.00257041610448374 0.00324178664741104 0.00378083751000008 0.00254913593084714 0.00274896495555429 0.00303609268440108 0.00422124139319698 0.00578740171601483 0.00753558775422456 0.00616929786993768 0.00699115822267356 0.00671374917888387 0.00557680461097923 0.0061461397958388 0.00689719758928253 0.00604402446059153 0.00657756962246334 0.00648495374762796 0.00649141082776234
-9999 -9999 -9999 -9999 0.00130647945460912 0.00201615961371003 0.00293609264167641 0.00326133307885394 0.00342283253843888 0.00397868496578747 0.00378045360542756 0.00379660638867023 0.00457613496786979 0.00362371565778892 0.00485666651345404 0.00459542917255747 0.00463753144009616 0.00413595061454565 0.00333559979792274 0.00288067761226965 0.00320382894054493 0.00240031207953478 0.00193716572127914 0.00188618419328933 0.00242460031536304 0.00258619243666232 0.00314039626597312 0.00300184908239661 0.00295615470989492 0.00363658842148461 0.00415042248874681 0.00517217767611967 0.0060005498502811 0.00668724233868674 0.00582959551063983 0.00475414380760336 0.00587582748742353 0.00584766784436347 0.00570268751642033 0.0058720038257584 0.00633625858994412 0.00688259763501282 0.00647348661699647 -9999
-9999 -9999 -9999 -9999 -9999 0.00289273772440189 0.0028667869529456 0.00305003209432376 0.00319537071651898 0.00360697765423405 0.00364741758920934 0.00366454882566062 0.00462734605995852 0.00467668753905205 0.00393680962173497 0.00458899118937291 0.00470183724230074 0.00383081344123801 0.00362413810189638 0.00392852515257189 0.00336918157391793 0.00213703925326837 0.00209842355457906 0.00274680584286216 0.0017775081832171 0.00136615543394844 0.00211425771556868 0.0028601496087586 0.00454523293084077 -9999 0.00646475070160332 0.00611240006706696 0.00537277478607995 0.00605206664654181 0.00467711209292289 0.00447411780701109 0.00486350111378313 0.00486103990216377 0.00532859545679628 0.0052067346370559 0.00622591894680651 0.00686571615360442 0.00649024167554108 -9999
-9999 -9999 -9999 -9999 0.000601958964166536 0.00180188235888355 0.00253917614197328 0.00271868531730702 0.00277802026464629 0.00307937489958989 0.00314345104321205 0.00342938710985649 0.00552549281328186 0.00508256701485749 0.00420192031271817 0.00510762078274415 0.00490826481109467 0.00429974465727983 0.00311609586069025 0.00392644267491789 0.00295432040474973 0.00201089432065302 0.00197703925673922 0.00231984024236448 0.00177802511471979 0.0022058501399236 0.00261759461425213 0.00220182564354641 0.00352866865367265 0.0035101036982919 0.00390095666337129 0.00512888560943028 0.00566242897534798 0.00471663334394662 0.00462563436576394 0.00279884013477229 0.00422872785923456 0.00392220232836028 0.00392992440566252 0.00478748030035293 0.0063150613645597 0.00655719222863165 0.00642141010409211 0.00576943443425225
-9999 -9999 -9999 -9999 -9999 0.00279144878451882 0.00249368990494398 0.0033346115372817 0.00287197252600864 0.0029335317903859 0.00325626760337134 0.00384083705480717 0.00481502137646117 0.00498135196576554 0.00469495365939956 0.00466869695902474 0.00485049206150782 0.00421510151963077 0.00285596231069228 0.00261340828399202 0.00277983954259877 0.00241649485677897 0.00252251393535697 0.00211759262986397 0.00108148926328115 0.000862080696079268 0.00175790118439735 0.00282224826366507 0.00216957470453308 0.00332819871338068 0.00336974927777565 0.00488888896305681 0.00572608912152425 0.0047296071211424 0.00440383262325557 0.00256874485555818 0.00303740496815235 0.00396193046862445 0.00377909834486658 0.00444355995391961 0.00606925627866987 0.0061022635571361 0.00507427427468009 0.00598313620024394
-9999 -9999 -9999 -9999 -9999 0.00215093639867066 0.00232559085244325 0.00230897435693991 0.00281069649874801 0.00322922926929927 0.00415853360172345 0.00478645422354855 0.00508894153105138 0.00474282387281638 0.00439763347110196 0.00390047377864876 0.00437824368870326 0.00385689139560173 0.00312116988723688 0.00221915421102999 0.0024778951194695 0.00299950824777 0.0026798816043666 -9999 0.00255552902789389 0.000774388969644982 0.000946763865642389 0.00172202172782869 0.000756419478462625 0.00170137265210064 0.00386055619345085 0.0046630644118671 0.00424420786551521 0.0045098113066688 0.00369812878044121 0.00390580742337484 0.00257138737106497 0.00375521595735202 0.00420544151878986 0.00453881906742268 0.00560318150942404 0.00550708941951285 0.00552957936194811 0.00616931831140415
-9999 -9999 -9999 -9999 -9999 0.00193526338519265 0.00196486052766567 0.00196709795339013 0.00260503405917188 0.00351517648517861 0.00418099117657627 0.00412178690609561 0.00479900859741289 0.00468767079602719 0.00537781957769272 0.00501157629132158 0.00383813704813831 0.00411231233402444 0.00425940710060396 0.00247883314946405 0.00282624969578184 0.00222719209699759 0.00188952268746592 0.00156067849259441 0.00173407308099579 0.00082248597256937 0.000484257066458677 0.000601091474252381 0.00068551695322507 0.00146110207578404 0.00323427792185396 0.00396677167507451 0.00291849740896195 0.00391583080061158 0.00304019321261642 0.00336541850045074 0.00177744355575008 0.00384943947324669 0.00462926314524387 0.00472496291619911 0.00530159173663525 0.00550296220455025 0.00578799130010068 0.0062119011819851
-9999 -9999 -9999 -9999 -9999 0.00103744170449327 0.00143218204296688 0.00192561117387546 0.00271506010174089 0.00388188268463523 0.00417880903143218 0.00379827682817143 0.00468396430259602 0.00410679555493564 0.00514068455688843 0.00432698257101277 0.00472937237255539 0.00486682042336327 0.00354323557616628 0.00342766417727456 0.00250236198019601 0.00236147415261736 0.00113997111040701 0.00182235419538267 0.000915336438217394 0.000520018856516782 0.000376269401116896 0.000201001688008957 0.000512788079673287 0.00147070696655786 0.00231982725796056 0.00388795435716947 0.00317873719881845 0.00252406695099878 0.00249177035697359 0.00276598499379807 0.00250988481343066 0.00379836079559352 0.00452578522709391 0.00507200972180495 0.00491779778702557 0.00534115221225537 0.00600768617165843 0.00611955273241197
-9999 -9999 -9999 -9999 -9999 0.000890200257300662 0.00151528312105544 0.00222698445393349 0.00297374004150176 0.00390453602756008 0.00356842335335007 0.00394000597513874 0.00434583321951701 0.00286448641267909 0.00423528427574041 0.00491541658069084 0.00595626154910063 0.00481039873437288 0.00411784848067808 0.00330877391575782 0.00285890808113603 0.00204872743748965 0.00132623734928895 0.00125177442731657 0.0011970604102939 0.000762984866919762 0.000636411261416576 0.000449518229177188 0.00158962177825906 0.00320406080993343 0.00284637882799612 0.00291104281811732 0.00242554131051899 0.00307263064911726 0.00227340399089948 0.00195634392852407 0.00289501175505919 0.00398700985967618 0.00445991149289405 0.00466808639315573 0.00546240641299565 0.00532551221016079 0.0056892266141215 0.00665666208379103
-9999 -9999 -9999 -9999 -9999 0.00123875652401377 0.00173654371674103 0.00189833543158338 0.00267601703596048 0.00347300840062523 0.0039434073590248 0.00494250386438012 0.00464157082834667 0.00492080479451805 0.00381736790234417 0.00562046877886567 0.00609902380421075 0.00378180372151408 0.00421337653154082 0.00343975463640275 0.00297202329613106 0.00268049018084554 0.0010444702945093 0.000837457059810056 0.00102334089728227 0.000906735369612044 0.00068976769568863 0.000568526810276727 0.00148297126449642 0.00274396321497397 0.0026027494508057 0.00281759664120753 0.00211767942411625 0.00260616802498685 0.00211336442091708 0.0025716782645016 0.00394355059152995 0.00423738335642887 0.0045316727400157 0.00482073498463401 0.00496881980195175 0.00435285540010499 0.00597591662936245 0.00533276388672557
-9999 -9999 -9999 -9999 -9999 0.00115555407061322 0.00144869049390587 0.00184775423371147 0.00263656178048085 0.00322281961512362 0.00388842327800363 0.00424952158022308 0.00449770370973588 0.0049756023794604 0.00319288049609888 0.00355527917377315 0.00554328897623719 0.00433136527216599 0.00382310295119 0.00255264131929993 0.00155613132873826 0.00201729931748616 0.0017467853146987 0.00124443793847567 0.000765861509754296 0.000914419844472095 0.000840444383594579 0.000446377764065507 0.00101647345259489 0.00206302868945821 0.00205152849400393 0.00206142777017652 0.00151064398881324 0.0027204792787174 0.0035519563716444 0.00382775867168908 0.00499972285327552 0.00509014723287949 0.00492167460192249 0.00462640416322224 0.00446355514571364 0.00445274779670391 0.0060924822740477 0.00699963381574982
-9999 -9999 -9999 -9999 -9999 0.00124697639450243 0.00151266040683576 0.00202940270343518 0.00261608363971988 0.00273714482142177 0.00316102800772894 0.00461617746800638 0.00561800285011451 0.00576387990395893 0.00553748107290784 0.00487221725707913 0.00503196458822487 0.00384714125623637 0.00411369312912393 0.00241505595915243 0.00123050891982319 0.00301091043769283 0.00133071747998403 0.00129802294372333 0.0010503051084356 0.000946197136037607 0.00066080808092026 0.000393595849822129 0.000533761296703379 0.00147291498263803 0.00236530206199248 0.00160331235425722 0.00139320416860221 0.00262296820398301 0.00558595870996162 0.00607191134499794 0.00520855093007795 0.00502850581512881 0.00492816140960763 0.00511256325235878 0.00489956674538969 0.00524012756254802 0.00683281864954221 0.00851211422852558
-9999 -9999 -9999 -9999 -9999 0.000889406029643985 0.00145930773428372 0.00238314590943654 0.0025844808076191 0.00308070166312917 0.00431014927322219 0.00550637922800166 0.00606912414039958 0.00571462786251524 0.00552878790788835 0.00468545151042005 0.00457016472235995 0.00408422967546226 0.00473263410949558 0.00418691576060928 0.00198975824025725 0.00141349083942267 0.00120545198047499 0.000886990343025079 0.00107555455135173 0.0010933220452819 0.000591855906874189 0.000628546111680429 0.00219055074665088 0.00249853080459591 0.00242218037198953 0.00209698911315964 0.00261913991789191 0.00317822165184632 0.00607422152036838 0.00590983590833995 0.00588451088447326 0.00511396571906979 0.00507347081098608 0.00496217068284088 0.00533172945125466 0.00632637970981032 0.00528566773051513 0.00635320168074549
-9999 -9999 -9999 -9999 -9999 -9999 0.0014255881615799 0.00217445224042997 0.00277195250236963 0.00343268552596975 0.00349296001005599 0.00463800701196682 0.00532390719005926 0.00652662455294477 0.00586728325661446 0.00527181403395864 0.00492687901439965 0.00402925270523248 0.00532725411534422 0.00578220475592069 0.00470973588666949 0.00387799872819358 0.0032607600354025 0.00278454179110258 0.00284326839580117 0.00271632695642244 0.00315714009862685 0.00299843829741458 0.00480818334893683 0.00555215871039463 0.00577204770898679 0.00497900967275895 0.00495263229903251 0.00377778715709766 0.00621082676713651 0.00488554369803513 0.00526667906870861 0.00443247212518145 0.00463391522193861 0.00474286175986179 0.00464966916867632 0.00574140201791129 0.00385927845021004 0.00388772989908554
-9999 -9999 -9999 -9999 -9999 -9999 0.00138770065210177 0.00242568994070908 0.00234624837818978 0.00336827708555798 0.00374738740013802 0.00422458583355071 0.00576951709589678 0.00799635477433784 0.0067799065184859 0.0064755616090046 0.00528264646821621 0.00375759205378552 0.00357781667916414 0.00593688282196695 0.00591173072304185 0.0056906129295528 0.00432571769452407 0.00436712606439068 0.00570465836935787 0.00467738669922421 0.00566763893650933 0.00550358841135454 0.00573435432364307 0.00629653674284842 0.00654784790510263 0.00589312164281911 0.00554899588692594 0.00523545683527299 0.00568830188636145 0.00492352889620454 0.00445278681888213 0.00444765004031558 0.00428464326923468 0.00447434668492897 0.00467791946683921 0.00510057105299993 0.00400931291751936 0.00354345415777381
-9999 -9999 -9999 -9999 -9999 -9999 -9999 0.00216812496337301 0.0032241725978086 0.00317986135427402 0.00416270800371197 0.00488479664024446 0.00510899039494363 0.00756319770841857 0.00700020080501391 0.00640223526179496 0.00521712085770849 0.0052428143870382 0.00571374999474834 0.00521684183364652 0.00578297628482415 0.00612187453118051 0.00530576298517774 0.00378041695855308 0.00505516186570787 0.00412765565028824 0.00675330864696191 -9999 0.0067869309326366 0.00653723003536769 0.00612906921002078 0.00586547662957102 0.00540137317723573 0.00541816773942723 0.00561705492537217 0.00649907731959437 0.00438149466316386 0.00564784053109056 0.00424003494410815 0.00438486276478001 0.00441850238635531 0.00436875758821407 0.00438008915572055 0.00462051798622011
-9999 -9999 -9999 -9999 -9999 -9999 -9999 0.00163548474991214 0.0026995571662695 0.00351035420798121 0.00414056389157263 0.00572121307919438 0.00530153938176694 0.00705970848793616 0.00731642665063639 0.00666294989096421 0.00559107443154759 0.00545492098172258 0.00670596392646244 0.00605191649302625 0.00590685234768138 0.00645476194624551 0.00717587516990783 0.00810457320804278 0.00679871200065498 0.00620179538526895 0.00723488845153385 0.00831336255851952 0.00788881522107754 0.00768032531725763 0.00742931665207599 0.00770276764382496 0.00698310543990614 0.0070346042305529 0.00653695973342399 0.00505121088318081 0.00430065900718938 0.00507970101900414 0.00520338832025236 0.00462877115264598 0.00446327483413677 0.00429708214868649 0.00421407272070995 0.00393970523981732
-9999 -9999 -9999 -9999 -9999 -9999 -9999 0.00137166819316121 0.0025710922841225 0.00341192734582832 0.00356549568617206 0.00572083166619058 0.00542854203970421 0.00664946638135954 0.0068634375425489 0.00665942513194467 0.00678879225372061 0.00633030165727466 0.00711720919548138 0.00763205265466632 0.00821513561981956 0.00732392661929703 0.00792062219500577 0.00927001128953821 0.00907170305604105 0.00936477195713742 0.00756197326989444 0.0104928972563914 0.0094107385705583 0.00766770964874024 0.00694326274775886 0.00974212712589215 0.0076405148702987 0.00751527659035464 0.00715540139923268 0.00564336854729728 0.003800409825705 0.00392669034081768 0.00540091104171644 0.00441457549965565 0.00444236301106132 0.00448665372844689 0.00404086329303283 0.00403535410451367
-9999 -9999 -9999 -9999 -9999 -9999 -9999 -9999 0.0030243226102134 0.00300498808356854 0.00412904707770522 0.00541453342168112 0.00620195351998095 0.00601679857172203 0.00670078286180324 0.00615084615691896 0.00623959100810064 0.00798623662564905 0.00699557018240868 0.00606231728680944 0.00642886471181074 0.00711365749301929 0.0075151754255242 0.00840506177066455 0.00915714572558645 0.010821827832467 0.0095620634235496 0.0087006943103092 -9999 0.00661842480009025 0.0082108781538396 0.00579351616024993 0.00673077113662646 0.00524544690529803 0.00511460595813549 0.00666969258873247 0.00456467113388306 0.00419377406858485 0.0044955018023701 0.0041349534479694 0.00432895967241715 0.00445871486947665 0.00476367636400809 0.00380376875118066
