Model-results/Spatial/Snakebites/Incidence-residuals.asc
NCOLS 53 
NROWS 93 
XLLCORNER 376490.070567719 
YLLCORNER 384721.488324056 
CELLSIZE 4595 
NODATA_value -9999 
[rows 21 to 41 of 93, columns 0 to 45 of 53]
-9999 -9999 -9999 -9999 -9999 -9999 -9999 -2.33871671037945 0.276700777386367 -0.524989859160994 -0.467750793800769 -0.971259967928121 0.124074575501892 0.294349105956518 0.273434281718906 0.0706025423858693 0.300782263427271 -0.755232295248247 -0.499861670358672 -0.817422692370421 -0.133604869591317 -0.2589906503055 0.301035879538512 -0.210302247263512 -0.525499952178246 0.0632175383677408 0.0508144478045634 -0.221995472077888 -0.211045904777179 -0.154110696341771 0.798010191785726 -0.586456952406712 -9999 -9999 -9999 -9999 -9999 -9999 -9999 -9999 -9999 -9999 -9999 -9999 -9999 -9999
-9999 -9999 -9999 -9999 -9999 -9999 -9999 -1.11944051733145 -1.98811456927076 -0.0636046120529623 -0.474358109161102 -0.800273458286577 0.119718621424535 0.302866631810759 0.281593114272128 0.179283019804539 0.102926926236996 0.132826750004758 -0.96354591505112 -0.974846441763061 -1.22408660500869 -1.39663184896635 -1.24238145067147 -0.731086675125809 -0.221084731470645 -0.279461786353495 0.0522512983042463 -0.0781915784894139 -0.113477149380193 -0.250611067027528 -0.99898545744054 -0.510661104912797 0.178574306423989 -9999 -9999 -9999 -9999 -9999 -9999 -9999 -9999 -9999 -9999 -9999 -9999 -9999
-9999 -9999 -9999 -9999 -9999 -9999 -9999 1.05852941446641 0.724657589280436 -1.69988355034751 0.536175882338167 -0.112930644738532 0.150137123104683 0.256561193418669 0.611185784904412 0.298661247581013 0.47230797010953 0.0589256322252458 -0.75203226126022 -1.17373289820035 -0.664563251357323 -0.861966152779547 -0.442045544214313 0.104637182498346 0.150772399339351 0.163786280104584 0.185009279814217 -0.65514959426606 -0.576910867454973 -0.221750924708433 -0.176705156683259 -1.0129873449771 -1.21049049853009 -0.200822159644857 -9999 -9999 -9999 -9999 -9999 -9999 -9999 -9999 -9999 -9999 -9999 -9999
-9999 -9999 -9999 -9999 -9999 -9999 0.947219282459435 -0.244182913453175 -0.191915116893203 0.328629276271843 0.217150951831893 0.433545198296137 0.142521189318521 -0.428085008243039 -0.087757150408259 -0.29970980606443 -1.17624102018375 -0.782637052175601 -0.556068226067696 -0.908375464704379 -0.565130355915852 -1.42363506967234 -1.66380307136544 -0.621954456749896 0.205301579043412 0.0417964223369466 -9999 -0.30247738319028 -0.501066115647003 0.0555124485399235 -0.305354099506992 -0.418741134085205 -1.43029084809602 -1.17045793472135 0.268223406055945 -9999 -9999 -9999 -9999 -9999 -9999 -9999 -9999 -9999 -9999 -9999
-9999 -9999 -9999 -9999 -9999 -9999 -9999 -0.291224965510737 0.182389651530756 -1.47817433085302 -0.0198145322341321 -0.793225480820354 0.430191226937974 -0.0523746107271332 -0.663269258503392 -0.462767091078562 -0.776490622563086 -1.79966841669539 -1.58659629440572 -0.924579787534478 -0.385950731790649 -0.680977564565717 -0.310875684199652 0.122099150452921 0.287718767705801 0.348948804761695 0.975396802446255 0.309494665407724 0.021518109225626 0.0925338678104049 -0.149365234240919 -0.197139120843355 -0.406661125571941 -1.0817487345462 -0.660228852507655 -9999 -9999 -9999 -9999 -9999 -9999 -9999 -9999 -9999 -9999 -9999
-9999 -9999 -9999 -9999 -9999 -9999 -9999 0.377783401713665 -0.247681159385605 -0.262997708568474 -0.345617844452908 0.179077416226528 -0.0958383023472178 -0.782201527705464 0.600512028318992 0.0682235154725815 -0.342390735756626 -1.10587801151243 -1.17423125588694 -1.75622918278206 -1.16393663438034 -0.292221815027497 -0.560788440353171 0.783108053279989 0.960834162464718 0.333955979395208 0.537822582217825 -0.0444786401742431 0.0684577711757696 0.0977625963238803 -0.304027578028751 -0.559843410269315 -0.435146489852637 -0.809858048917442 -0.952900442703292 -0.988262492330329 -9999 -9999 -9999 -9999 -9999 -9999 -9999 -9999 -9999 -9999
-9999 -9999 -9999 -9999 -9999 -9999 -9999 0.406278023409406 0.273858149621996 -0.59555011978296 -0.417591998389315 0.0204323032772221 0.894652853800019 -0.368006650171386 -0.418899880461409 -0.367413748231431 -0.616681567002226 -1.50527630223122 -9999 -1.64131170495505 -1.23213006818285 0.348283251994435 0.726269876459881 1.06192649155146 0.841470157324733 0.968931857716275 0.541101296748568 0.875926323702839 0.814165449964964 0.465112522255886 -0.545937013810031 -0.629990238945423 -0.943703011888044 -0.541135299247096 -0.680845146738855 -1.02523189474421 -9999 -9999 -9999 -9999 -9999 -9999 -9999 -9999 -9999 -9999
-9999 -9999 -9999 -9999 -9999 -9999 -9999 0.46005649275073 -0.332092426692946 -0.21932440076022 0.0273307998688368 0.0827004533220174 0.21311370319927 0.0998034238855735 -0.891034184081298 -0.380011553626171 0.420572902166266 -1.07465688843026 -1.68621818839211 -1.06128650501207 -1.15305566044522 -0.381469669510348 0.470075422257921 1.4115565304582 1.03663898542003 0.804581265581128 1.08067215863192 0.993618558266571 0.0939900631251657 0.209876885921451 -0.371557656063227 -0.256288685401778 -1.04179914924164 -0.507312747130585 -0.602461676907601 -1.62829087276163 -1.4088875438839 -0.335145751261131 -9999 -9999 -9999 -9999 -9999 -9999 -9999 -9999
-9999 -9999 -9999 -9999 -9999 -9999 -9999 0.271173630996872 -0.61163415529769 0.126879890428025 0.567781014229932 0.554418691694097 0.110390769610221 -0.0631588507645355 0.274026052943831 -0.389755511789473 0.148533998217814 -0.331624435137368 -0.967776007570926 -0.232310067877439 -1.00712963786652 -1.37490070607302 -0.127561850730821 0.416277604853636 0.582949029519121 1.12857861260228 0.758687884950047 0.429423320727985 -0.342751653075882 0.372359335942422 -0.237455723954945 -0.913597498104924 -0.387848982562007 0.0929651019207238 -0.547203491519888 -2.24776049510636 -2.0919189006401 -0.0629015327278249 -9999 -9999 -9999 -9999 -9999 -9999 -9999 -9999
-9999 -9999 -9999 -9999 -9999 -9999 -0.467731495755412 -0.338136240545762 -0.242847312479133 -0.0977233636612235 0.437406046633578 0.42867318652095 0.346342411806157 0.249858403602391 0.557788404348955 -0.0126379395046424 0.676012021565083 -0.242235924045332 -0.74775580249184 -0.630008584067465 0.629063255232683 -0.311153713519906 0.729658700249318 0.626898751071891 -0.308214387279521 0.89299819023697 0.432371183271187 -0.0297051284552394 -0.00630612189478426 0.0501565783598217 -0.115962657546405 -0.137573670524563 -0.343574625938658 -0.45550726691574 -1.07465337470258 -2.56308551266481 -2.43278311957867 0.375659394565757 -9999 -9999 -9999 -9999 -9999 -9999 -9999 -9999
-9999 -9999 -9999 -9999 -9999 0.271941745346464 -1.15325925179399 -0.776993451575801 -1.41965337796066 -1.02351629225738 -0.237787041314452 0.00191847901272185 0.414491161929759 0.180622716330989 0.570388973114885 -0.484875736883441 -0.753460469159317 -0.0314957743523877 0.358777021973555 -0.348735279982789 -0.021246384794119 0.208305076079015 0.45986167601722 1.00968988447492 0.406799070353986 -0.0808570626724587 0.265909932768856 0.0459941025165054 -0.505939235641201 0.373370230900911 0.0596871744237084 -0.862688757380052 -0.565506061024918 -0.443432202435753 -0.681413724232682 -0.895932232187507 -9999 0.471540683364764 -9999 -9999 -9999 -9999 -9999 -9999 -9999 -9999
-9999 -9999 -9999 -9999 -9999 -0.242152107424372 -1.05431135470181 -1.17046903213813 -1.0693896130788 1.04481427414824 -0.267505956939584 -0.192337710555702 0.232419962906914 0.436674484368786 0.372607112624013 -0.305337271848677 -0.717415604437816 -0.0467548102966522 0.467814601033502 0.173064966752258 0.591706387816809 0.54434551751897 0.256246425298738 0.402760632381443 -0.120288192023163 0.214160088252447 -0.153977128384913 -0.573821749679527 0.598213891361442 0.306259930082033 0.345882559200437 0.572352947577062 -0.276643209458293 -0.491774625321325 -0.597057614548905 -9999 -0.192409618900501 -9999 -9999 -0.211742047801665 -9999 -9999 -9999 -9999 -9999 -9999
-9999 -9999 -9999 -9999 -9999 -1.93150576325136 -2.02966991444695 -0.812226362326488 -0.113281111010021 1.06286242197786 0.407640057682939 0.440628126976264 1.04445583258041 1.1705188993086 0.502767503813242 -0.347444952278618 -0.26021445820085 -0.738715169660868 -0.870298833899959 0.0269740691569704 0.0249539044345747 0.330300146628166 -0.678517582440565 -0.662386661534277 -0.261005993306538 -0.257931711094303 -0.576854642569669 -0.339786911394547 0.547740527670151 0.782794803967785 0.4276784319379 -0.513188327626417 -0.316277725313038 -0.226212898164314 -0.928042070717568 -1.33474718769264 -0.802494467883295 -9999 0.538096421967921 -0.435019816896841 -0.823144051906815 -9999 -9999 -9999 -9999 -9999
-9999 -9999 -9999 -9999 -9999 -0.803858877338036 -1.01013205464201 -0.311455590184094 0.783583472110105 1.18915983627152 0.729440437158416 0.5836145234233 1.3774926534685 1.96096610805545 0.282795877406212 0.241730603845352 -0.897520120516798 -0.863307690504945 -1.03841249816283 -1.04247446800266 -2.17103418818753 -9999 -0.683933450749456 0.213583703658877 0.708067836421123 -0.465585764698431 -0.335274852833993 0.605322184744763 0.372828682047025 0.176146674166176 0.262461116080722 -0.333652248983464 -9999 -1.24281843371149 -0.71350783205908 -0.838849684743689 -0.931052674703243 -0.971158880727279 -0.803698272636431 -0.236851054665142 -9999 -9999 -9999 -9999 -9999 -9999
-9999 -9999 -9999 -9999 -9999 -1.3294094103309 -0.882916727925151 -0.0834281768549597 0.745092148354318 0.943753499077782 1.171458675897 1.43069443479238 2.33757365663371 2.47107075112719 0.205437309010266 -0.538839836834851 -1.30979863133193 -2.27798917813477 -2.47665771656576 -0.967991484902404 -1.10798748040931 -1.36449360287684 -0.857699379398988 0.24790148010409 0.404403795966641 1.05633440861653 0.202982227095556 0.98225393618042 0.712258140393228 0.413077216992512 1.07616552154981 -9999 -0.328799423598897 -0.659578987644213 -0.872039865016715 -0.620312774847141 -2.02523496365873 -0.0298748513569654 -0.380956526170857 -0.323934378289346 -0.780375237608012 0.429143394872958 -9999 -9999 -9999 -9999
-9999 -9999 -9999 -9999 -9999 -1.43002788942013 -1.42640706632984 -1.61342230570938 0.83819909779799 0.264145837311519 1.07661740219281 1.11638905038249 2.10961821499121 1.43333096642946 0.883203655703761 -0.488426176475848 -1.09307522435769 -1.67759272849842 -1.02301000950316 -1.58389091743568 -0.998406829480721 -1.29754296363716 -0.788365947456523 0.164686200101565 0.238652486112792 1.00585091539355 0.733561779789433 1.19651390071143 1.00504172107791 1.70003214467243 -0.9734802451474 0.263792774990841 0.215837383013096 -2.63803014984964 -1.34107619552933 -1.169516036326 0.405722165391245 -0.923018840038731 -0.0602102165101707 -0.103536673015299 -0.686511221750773 0.30304339882595 -9999 -9999 -9999 -9999
-9999 -9999 -0.184844648805912 -9999 -9999 -1.28458150168452 -1.24828731986504 -1.29744550555943 0.0754446676787336 0.44572469338707 1.1179782280141 1.58850331804999 2.31679609609203 1.28074835815236 0.698325186571262 -0.0104663420785635 -0.241357485460531 -1.20220848350237 -2.96563366895449 -2.40190389396039 0.0774637427121247 -0.511559197505443 -0.062630286760599 -0.317090992342053 -1.32036060268149 0.720877838210085 0.443577933135612 0.749638539735843 -1.85324264959191 -1.54260177339369 -0.441115827949341 0.771078974593774 0.942240587371029 0.315508817176356 -0.754340505492523 -1.16665378120093 -0.645874686085085 -0.345381074103452 -1.00364624339932 0.0703536622319279 0.947019700909074 0.379014624163852 -9999 -9999 -9999 -9999
-9999 -9999 0.958946380877188 -9999 -2.21023799711713 -0.836157860526557 -0.0589755914665794 -1.14683100175124 -0.223637224979155 -0.335408120122506 0.0656346555001622 0.328026354468319 0.970434610057726 1.52768419518506 1.00902504284076 -0.0190099534397849 -0.44407895400096 -1.56477941294542 -1.16687971574055 -1.35406648078667 -0.336069638975919 0.24971262544289 0.522140798737998 0.37524075795016 0.626084374058415 -0.272589863941065 0.362232418749386 -1.04634037825826 -1.18196234734887 -0.726353376161395 -1.90359112741318 0.504261325952476 0.349598369034648 0.322350815247298 0.361441397368493 -0.185519958262583 -0.795582031966379 -0.496999352566706 -0.38035822772751 -0.297794778020705 -0.217273569262203 -0.476225173739306 -9999 -9999 -9999 -9999
-9999 -2.18176780855961 -9999 -9999 -1.69303190151236 -0.424766405314046 0.430044326291172 0.188601251764543 -0.0259658263438914 1.19511971960608 -0.253325550910692 0.243092514075193 0.925277063036326 1.45434474399949 0.643228873142946 -0.793261631378692 -0.547037990287161 -0.901141575543738 -0.947481572908276 1.11988192146069 1.12181345585622 0.974755773385653 1.6796111435815 0.633175611285555 1.02260104015998 -0.0397670237644643 0.555947490548716 -1.63371415016737 -1.36062471010753 -1.3733300261562 -0.26202397641534 -0.411748159195536 0.343276216466461 0.426694065104256 0.274109315676826 -0.101313613132719 -0.343336206198728 -0.121239320319594 0.271367905605233 -0.419740055924965 -0.662646204208563 -0.278969386413912 0.460150673501067 -9999 -9999 -9999
-9999 -0.208353229965979 -9999 -9999 -1.11393276487255 -0.363416994619725 0.229036005425594 -0.272601481023765 -0.219410698295494 0.558188041134665 -0.174828340951093 0.806297549983566 0.898084253841926 -0.167095181069721 -0.548605715557931 -0.235403915439663 -0.458690997122788 -1.25191531078344 -0.220392708303167 -0.723082997394416 -0.101903350420391 0.710525178556505 1.41747452533289 2.88117967930857 0.441104016925974 0.621832856082954 -0.577865601465344 -1.68481386544332 -1.89418788103481 -0.257935652306696 -9999 -0.614002829137038 -0.803538554948829 -0.890006896695412 -0.60873475238656 -1.5315623620512 -1.10746212232191 -0.373291589597584 0.198906838056827 -0.100094786058515 -0.195521555269078 0.993320476212111 0.363803608460308 -9999 -9999 -9999
-9999 -0.942274436866628 -9999 -9999 -9999 -0.675699385082261 0.296016937653275 0.0836195743539771 0.228303422076064 0.304124868601231 0.120926151455856 0.288101846078093 0.244667990423851 0.579060807123266 -0.839162930411443 -1.1107488925251 -1.03588650663645 -1.6470949500125 -1.21014264387651 -0.550426509356533 -0.55469192979482 -1.30062859683691 0.0810264564405641 1.17426776461918 -1.10759748662212 -0.834776163647798 -1.07678006419258 -0.751618671785851 -0.973404068870755 -0.797288819736244 0.0971585589165811 0.0256310507281018 -0.758917786231208 -0.923466201651056 -0.344621567569371 -1.15736431088202 -2.13694559459053 -0.500633673082395 -0.709650624726556 0.520590090132648 -0.203386893530443 -1.10082497645591 -0.105838379124572 1.48719440660928 -9999 -9999
