Model-results/Spatial/Snakebites/Incidence.asc
NCOLS 53 
NROWS 93 
XLLCORNER 376490.070567719 
YLLCORNER 384721.488324056 
CELLSIZE 4595 
NODATA_value -9999 
[rows 20 to 39 of 93, columns 0 to 43 of 53]
-9999 -9999 -9999 -9999 -9999 0.00162290014458491 0.000666079703408081 -9999 0.00345243466163547 0.00389114455234589 0.0044320992419574 0.00436617912087323 0.00429295710082207 0.00412264972115377 0.00400277971465999 0.0040938706617986 0.00425967783764556 0.00418220536100551 0.00437705448684708 0.00431352515187862 0.00463298753928117 0.00415386895740211 0.00409251004236149 0.00513377196703869 0.00441679589959048 0.00449371392275248 0.00405007801911487 0.00434350001584824 0.00393540674705944 0.00408518471368004 -9999 0.000874695632286512 -9999 -9999 -9999 -9999 -9999 -9999 -9999 -9999 -9999 -9999 -9999 -9999
-9999 -9999 -9999 -9999 -9999 -9999 -9999 0.00381027301466449 0.00304310667894666 0.00361503440347429 0.00364151093119907 0.0041783399062916 0.00365757850729988 0.0039629082199333 0.00406778956532033 0.00432729824949115 0.0039631486974786 0.00417100071708091 0.00402751836097202 0.00471103612607548 0.00478753641183034 0.00451166101271807 0.00477705651557092 0.00501026663916199 0.00484893463493957 0.00434172439211053 0.00400276592850435 0.00384268459114767 0.00370058487423237 0.00340862732875888 0.00146416781590093 0.00279028243870006 -9999 -9999 -9999 -9999 -9999 -9999 -9999 -9999 -9999 -9999 -9999 -9999
-9999 -9999 -9999 -9999 -9999 -9999 -9999 0.00300539989219305 0.00363740287083655 0.00321190110104751 0.00373600689210983 0.00413222178797917 0.00404331650592301 0.00369945225709016 0.00399115424027879 0.00410597548527783 0.00424222286705013 0.00397960176585577 0.00410962323843709 0.00447442923044123 0.00506206535218322 0.0051531111603574 0.00519197557606559 0.00549125981247002 0.00469984218406578 0.00466286612398667 0.0039165892748271 0.00398670739058854 0.00390315636976087 0.00386004510089212 0.00362526761837966 0.00308283683355996 0.00249962457595184 -9999 -9999 -9999 -9999 -9999 -9999 -9999 -9999 -9999 -9999 -9999
-9999 -9999 -9999 -9999 -9999 -9999 -9999 0.00307898003840985 0.00256473723625995 0.00366779299623031 0.00340597327522071 0.00405073442678302 0.0041517306582979 0.00398075235450049 0.00393259141612992 0.00432388341489611 0.00403348950103537 0.0037864592016378 0.00378483598036894 0.00417521342156074 0.0042103535670184 0.00488349613058011 0.00526443639321395 0.00520286836062061 0.00483855294130242 0.00448435764569755 0.00404783174027991 0.00474264414560206 0.00443703133756359 0.0040316745743188 0.00358435558817674 0.00366117864245407 0.0037130948945302 0.00259661051582914 -9999 -9999 -9999 -9999 -9999 -9999 -9999 -9999 -9999 -9999
-9999 -9999 -9999 -9999 -9999 -9999 0.002416067532539 0.00398126840825536 0.00389576288214442 0.00344752037456644 0.00375070745948498 0.0037058502503497 0.00418648131684077 0.00455692523437762 0.00418080824167611 0.00413126252753341 0.00440779128764862 0.00386360024218392 0.00359156832689512 0.00369686385102603 0.00381598661656137 0.00519904213018367 0.00582634195820216 0.00553307442229035 0.00522809434119061 0.00499655025026228 -9999 0.00475926708531409 0.00457449424052566 0.00408171056014353 0.00377036018893775 0.00379545624650198 0.00394526681163524 0.00369904259975072 0.00252001055677736 -9999 -9999 -9999 -9999 -9999 -9999 -9999 -9999 -9999
-9999 -9999 -9999 -9999 -9999 -9999 -9999 0.00339236491483391 0.00312752150776138 0.00460963655886974 0.00387422354408675 0.00451481171761733 0.00365479830022007 0.00394070959974998 0.00443327843326676 0.00407951309074459 0.00419971023976969 0.00446852452880517 0.00415644785619224 0.00356645518643088 0.00353304653629624 0.00502237617234213 0.00516064677083547 0.00584390021157372 0.00562917914250721 0.00516261822333722 0.0044269265772649 0.00466994853460642 0.00439946581406258 0.00382944096747611 0.00388289561530949 0.00373827851067899 0.00353178132132309 0.00365881138304144 0.00323550920064135 -9999 -9999 -9999 -9999 -9999 -9999 -9999 -9999 -9999
-9999 -9999 -9999 -9999 -9999 -9999 -9999 0.00252078783669097 0.00354871793239796 0.00377079125641246 0.00393985047575858 0.00392696218683704 0.00404622293511767 0.00435361612851508 0.00342098602809388 0.00389270932321184 0.0036812341671903 0.00379138938305595 0.00401126139308185 0.00402430664888528 0.00374165147461515 0.00494593165673428 0.00628626393883256 0.00552992538724035 0.00512840691417828 0.00566256531624946 0.00503932915810027 0.00505200871715515 0.00485069369682044 0.0042350659063994 0.00413132062345733 0.00386614445539857 0.00363258480350114 0.00370730444580447 0.00356729386560111 0.00343470919676817 -9999 -9999 -9999 -9999 -9999 -9999 -9999 -9999
-9999 -9999 -9999 -9999 -9999 -9999 -9999 0.00276597574981497 0.00332716844174471 0.00417227485130473 0.0041197733738506 0.00398973061788683 0.00373177585829502 0.0043632326758576 0.00412171055695443 0.00400756736760717 0.00406168219177836 0.00404837220823004 -9999 0.00437779802668819 0.00439699873665531 0.00498285072370092 0.00594943963917939 0.00550061814369231 0.00566571920873825 0.00534675623616995 0.00503374827677253 0.00466834300174497 0.0043492263975044 0.00421613175959457 0.0038925929768008 0.00410522719579285 0.00409203916770197 0.00388350962187783 0.00362490496513166 0.00347045564242978 -9999 -9999 -9999 -9999 -9999 -9999 -9999 -9999
-9999 -9999 -9999 -9999 -9999 -9999 -9999 0.00313162350261847 0.00390905492775859 0.00400794944812311 0.00420060838425722 0.0041977214567069 0.0043592444976282 0.0042153023472869 0.00463079695118776 0.00418138780322603 0.00363105678762213 0.00455827519539845 0.00493073059837016 0.00471913155255269 0.00525619658632093 0.00584876262003221 0.00635107239944248 0.00571812886168154 0.00555147079402209 0.00526356867541055 0.00490867236562455 0.00457153801681991 0.0049823603961363 0.00419562175404031 0.00391315908392625 0.00393640086048096 0.00425261109294352 0.00389121567320224 0.00385857084369305 0.00405555870651723 0.00338983396292109 0.00187954926413073 -9999 -9999 -9999 -9999 -9999 -9999
-9999 -9999 -9999 -9999 -9999 -9999 -9999 0.00328839948949939 0.00423259013014097 0.00390375832284689 0.00410774284278995 0.00414152565794651 0.00451509896615976 0.00455654523671085 0.00399219919672654 0.00438114595317397 0.0041308370250363 0.00442901548494537 0.00497865444341757 0.00455825993843143 0.00566979666336427 0.00659006139874742 0.00642070539694718 0.00673943158438408 0.00594186641525304 0.00546782350140588 0.00636337076553157 0.00554691643383955 0.00512610621609328 0.00418642555186188 0.00401128759671831 0.00434969178674192 0.00400853604758808 0.00380027234049576 0.00415573021666688 0.00425425069937902 0.00340617276964593 0.00122314000499407 -9999 -9999 -9999 -9999 -9999 -9999
-9999 -9999 -9999 -9999 -9999 -9999 0.00260384784548288 0.00369424400614676 0.00397715448865279 0.004256670106591 0.00418889079911104 0.00434538282936966 0.00451700733717862 0.00465686467402884 0.00413213229681478 0.00410965162581076 0.00387491986117198 0.00461610131629304 0.00508347203288449 0.00498805659658101 0.00443977657987677 0.00555529954653232 0.00586420412318349 0.00664013321940671 0.00715385841127989 0.00638625319395553 0.00604656273141524 0.00510621070077097 0.00452598345982518 0.00444359068505069 0.00474531339224552 0.00414899194963833 0.0042570664685301 0.00405042663702928 0.00398573470680421 0.00389987886750852 0.00364682409919468 0.000868151285840846 -9999 -9999 -9999 -9999 -9999 -9999
-9999 -9999 -9999 -9999 -9999 0.00292058395935468 0.00405482928243776 0.00386683388051374 0.00449807577665393 0.00483811345530172 0.00453793274317106 0.00440944656348545 0.00427782498290986 0.00452277365663975 0.00434284820497113 0.00464978050329633 0.00482161436138977 0.00433559822458826 0.00434900115881034 0.00493451202123507 0.00487078478386202 0.00495157843158636 0.00546152093225904 0.00581697543370804 0.00648328364323069 0.00724292601516795 0.00608945295608012 0.00538770242088731 0.0051819564027028 0.00467221156033105 0.0053285422793244 0.00482348653418465 0.00428970966643206 0.00405130390302595 0.00363412708027114 0.00226692955468363 -9999 0.000856366186090435 -9999 -9999 -9999 -9999 -9999 -9999
-9999 -9999 -9999 -9999 -9999 0.00339605699767345 0.00407070782711144 0.00433392906760594 0.00447401503331668 0.00425883732276772 0.00481119271457132 0.00455516334705228 0.00427205925859064 0.004355473001162 0.00469036195226268 0.00450412886249666 0.00471515436019127 0.00433471914118879 0.00451697900079112 0.0046979421118147 0.00462671561954366 0.00514023589824092 0.00578218578580276 0.00620001233853749 0.00671831056707617 0.00631370562292251 0.00584750836517363 0.00576058527091269 0.00475171680700544 0.0052349544394858 0.00544846577235612 0.00484364433915403 0.00456306910711425 0.00397784722681915 0.00311132889243992 -9999 0.00196128007315525 -9999 -9999 0.00317709150347315 -9999 -9999 -9999 -9999
-9999 -9999 -9999 -9999 -9999 0.00466338695326109 0.00474649381932755 0.0041637193426568 0.00446032709484385 0.00443097702527132 0.00464568372181255 0.00458011302008349 0.00423484665708035 0.00423007195423943 0.00459507902415981 0.00463859406919198 0.00440056931097574 0.00451903826942495 0.00502500066465201 0.00470360904107894 0.00454945971675465 0.00533353889729129 0.00643827284519059 0.00670377324702168 0.00677960055962419 0.00639502988589737 0.0060518804538305 0.00590580154086973 0.00537061125133646 0.0051416096500768 0.00572324732127277 0.00503166339899478 0.00416478426791227 0.00332308195513707 0.0033727042036237 0.0034765028557711 0.00292064289147475 -9999 0.00189025064382979 0.00336546193795646 0.00376846508771375 -9999 -9999 -9999
-9999 -9999 -9999 -9999 -9999 0.00383759604073067 0.00419548386493932 0.00428641300065816 0.00456922987952703 0.00462065432518306 0.00481479324906478 0.00514940691097264 0.0044644354741345 0.00417213236399207 0.00493846601389215 0.00414799734068489 0.00490430758002964 0.00455691046192262 0.00445515358686443 0.0046619408379572 0.00577081626724181 -9999 0.00553761860538566 0.00561797148926768 0.00590018237146028 0.0067161370201628 0.00600608363312458 0.00559630157277258 0.0061434268565787 0.00629681432394528 0.00629353122317968 0.00439396406990747 -9999 0.00383481892630932 0.00322009156556247 0.00332678731700147 0.0033255773395266 0.00361160052636609 0.00364181291523364 0.00315036959830271 -9999 -9999 -9999 -9999
-9999 -9999 -9999 -9999 -9999 0.00412296692602937 0.00403140744090367 0.00426439217597733 0.00449646228151345 0.00470230621800118 0.00485563241419646 0.00484318855896677 0.00411102022305563 0.00403593646959649 0.00512990076756907 0.00451264093825437 0.00502111463141014 0.00551095047569597 0.00464489688197665 0.00441867751324869 0.00479417376716908 0.00516449538678292 0.00536072556195193 0.00551397232293584 0.00621692941763588 0.00565011816165458 0.00608134623526973 0.00577848816905413 0.00692930832694278 0.00649399637261103 0.00530545973440643 -9999 0.00390238436875236 0.00368995876100027 0.00376123912399174 0.00344316181764359 0.00445242155678873 0.00332175620522281 0.00348089918600149 0.00351495493849911 0.00430412211483291 0.00210076625709106 -9999 -9999
-9999 -9999 -9999 -9999 -9999 0.00413830405404504 0.00421689450931134 0.00481491496397803 0.00426753401121662 0.00485494733382639 0.00499013565414158 0.00529636236283663 0.00458238424498642 0.00486256275055451 0.00474620762869025 0.00460378273719945 0.00482992922352111 0.00433499841927808 0.00334483238055936 0.00404364248298847 0.00437907304904991 0.0050591014726204 0.00521845819784891 0.00547542810636862 0.00649825179460029 0.00581961325526422 0.00582799675212294 0.00608126633184863 0.0068845030472135 0.00615268497000289 0.00570962523401904 0.0045008513959951 0.00393074197779817 0.0059241542158393 0.00442922174379566 0.00406490733299168 0.00326450922007304 0.00437525187156415 0.00360246452007451 0.00380717582063521 0.00431567306770585 0.00314718943617226 -9999 -9999
-9999 -9999 0.00217838621878 -9999 -9999 0.00398523375970595 0.00427892168753143 0.00440456162361405 0.0046558414242133 0.00461977171490196 0.00480778503229056 0.00484322506040973 0.00480642660511642 0.00499676469282396 0.00499460062119175 0.00439661392368237 0.00432867119123588 0.004415858433061 0.00524403471387826 0.00485686232066241 0.00473110796362035 0.00602760521622422 0.00605318441730175 0.0068382329621096 0.00751808884261606 0.00552208388442664 0.00607177552165181 0.00588393489206602 0.00760637318100343 0.00724999832631353 0.00552838315759542 0.00482650729528098 0.00425351220939755 0.00431091868007965 0.00435065904873109 0.00423673098594159 0.00428068104053092 0.00412511341871896 0.00477801700769953 0.00454816324404603 0.00369252711392882 0.00386910424192435 -9999 -9999
-9999 -9999 0.00115709848321688 -9999 0.00484386008938825 0.00391366884242229 0.00350565663220655 0.00439367731072827 0.0042661646413352 0.00467355701405127 0.00462305548204328 0.00510630584971689 0.00557921598381913 0.00489462108204697 0.0046197855258678 0.00440323199593008 0.00431483568317784 0.00513104758591187 0.00444380822426757 0.00486880328697277 0.00468016820887847 0.00546560488730038 0.00608402251248708 0.00591418606330138 0.00632076416668239 0.0066289088782626 0.00628893438795128 0.00655681862480454 0.00646722960287839 0.00574779074127187 0.00623301373909426 0.00476009442893834 0.00450052429761903 0.00417844579871616 0.0038952237340764 0.00417042103367113 0.00426043856711646 0.00437235025225768 0.00437171199822631 0.00458733976525011 0.00391734817992605 0.00394519502045889 -9999 -9999
-9999 0.00448570266586484 -9999 -9999 0.00424810220757651 0.00352751560473126 0.00329476913707509 0.00387929366751203 0.00412157533620753 0.00349855424102607 0.00448711249297971 0.00455591853271698 0.00462066288516204 0.00482438260316441 0.00468015345480674 0.00460226514700519 0.00417452151797381 0.00475333238290548 0.00497990431351772 0.00423606611354125 0.00435599182468014 0.00511808798231025 0.00526751185442995 0.00630648605512537 0.00589490757538764 0.00668316532972065 0.00614263846563874 0.0065689121718708 0.00631275900411285 0.00624151544425114 0.00518689962390761 0.00492134855767559 0.00389665232014599 0.0036827314307532 0.00386330529302839 0.00412503920930899 0.00426123218799095 0.00410640191938922 0.00403098418137127 0.00474062164438008 0.00423239895610779 0.00224909641658871 0.00190695901096486 -9999
