Model-results/Spatial/Snakebites/No-bites.asc
NCOLS 53 
NROWS 93 
XLLCORNER 376490.070567719 
YLLCORNER 384721.488324056 
CELLSIZE 4595 
NODATA_value -9999 
[rows 42 to 62 of 93, columns 0 to 47 of 53]
-9999 39.2031649292438 -9999 12.3976098360465 42.2535259925066 20.4652363463619 9.82817508832398 -9999 1.22687048709061 2.16037357030967 3.42170055620483 3.07747726713135 3.71577824938924 16.8518615088193 15.8627068290507 34.2290722053279 38.8275355248153 29.6288391438689 42.5176614856302 52.4715862514689 45.4901200747854 41.6173690682256 38.991979898583 24.5897515851056 10.6638792430242 10.7277588996149 27.2158854961978 4.60284317962379 4.02200173573266 7.08861343480676 30.9917602293123 44.6734034666679 29.5110578757549 26.1676532219365 25.3015420692299 3.35442260369632 2.64579972681397 1.83610042656156 1.7700850489628 4.40349663966876 1.09037892018427 1.08054851092841 0.737244845326056 1.02211456879255 -9999 -9999 -9999 -9999
-9999 11.0484486688444 -9999 -9999 99.2426872385815 29.8091608966419 5.00222586305987 4.34534360788252 2.41310613199759 3.69612498008409 5.46355660718309 8.10958476788623 9.27884397831644 24.1868515970364 32.573367138506 25.7135071971095 15.0700368563972 21.341887227157 20.5624447815104 41.1369315230074 51.7956690860898 -9999 56.9544074261025 33.96937556326 9.94288844260396 8.14132236793997 20.5557804085804 2.80144286976217 2.48643199344083 -9999 34.6567068818103 43.6496976825093 33.5248074147669 36.2463411018223 24.0000505601324 8.91865300550853 14.6838609217863 5.72107684237107 2.43608366626265 10.930735114777 1.92647800688137 0.830774422363747 2.84214037697821 4.1423591672547 -9999 -9999 -9999 -9999
-9999 -9999 20.0517537885414 -9999 33.7183094387781 22.2552262201156 15.0337339927373 4.80740813306199 4.61004346276472 11.7297052907581 16.4967945192608 16.8250130391369 14.6025629028349 11.2320452142349 31.6891837002015 32.1008000495433 19.0357905223602 16.0123865844726 9.70468807431674 19.7206891514085 37.749289234576 -9999 24.4325111998294 33.1282542330577 11.0327481355042 16.8585375189713 19.3732693107579 5.2767063903253 2.85617751343942 10.318457681132 22.8564761429816 41.7019435775655 44.5606395671285 27.1480161469953 19.3533398699394 5.18369172516002 13.9071190573066 10.547517968583 9.94122991211678 11.4360157389822 10.4013472205811 3.770405406777 2.21694492762375 2.02106341463334 4.63626088814902 -9999 -9999 -9999
-9999 -9999 11.9912549514679 25.5594867800129 32.6092788012587 22.8720843799668 20.7984674101297 10.8235643000473 11.4100319766227 16.5575806831733 14.799774817945 -9999 -9999 13.438419761068 28.0201185119122 25.1591768253467 25.647918714232 21.4131531228183 22.495051292786 19.0444559443478 20.0316994951355 26.5531163273653 38.7081129434125 35.113932661443 23.2762369006788 19.2265899644601 20.5326497202964 7.11640003023127 11.9799588688924 19.4463524795908 11.7131191076625 20.5451212804435 86.2430781907678 59.0693722231643 19.4083193317518 12.951475851234 11.6214822194385 14.120549160459 7.09617000201806 3.90832571701612 2.86659712565876 1.19180794295414 -9999 8.77308190231336 44.4682762803052 55.1845475894945 -9999 -9999
-9999 -9999 16.5156516208745 28.2989429104362 14.0259610431821 8.19077415580145 9.20582101834395 8.50233274444173 29.3401493211924 15.8333547235976 10.6422817890411 7.19689050329457 9.11454350192395 14.1136789936669 27.6905847322351 21.561760337203 17.836798353106 17.3814376985164 21.2766938816217 13.9896485733953 20.9388605516391 29.6210513683125 39.5034792643681 44.6079926626235 52.8406624175201 -9999 19.0725371926119 10.5600612263192 11.9278577763183 26.5646600443028 6.81020147623069 -9999 72.4505496586404 17.2557114108892 20.0774595074448 15.1659634314687 21.591343772553 10.7848724572774 0.584853452875264 1.29744563843148 0.878732210823853 0.719094097639359 0.754804376041918 2.2488302822979 42.1496753908545 120.094595248529 -9999 -9999
-9999 -9999 -9999 17.8786960164728 9.20754642392426 4.65592646019876 7.15309324226881 8.73513489340489 21.7986259219718 18.1170846446012 12.0354096515584 13.1862591834232 12.7443024399926 16.3547827988365 29.5097363355109 28.0662198345557 29.4419262545838 26.9167735774541 23.9587222397006 10.8038931620591 10.1141665434562 21.2554554280103 54.9921695126988 67.841213390661 65.8885502794959 22.3764062810516 11.1884189183946 11.8534042413244 15.0181981834853 37.105229652671 6.36378590334462 5.82364335571145 6.41092326464509 7.01910696821685 15.1093054184481 17.9365276664335 19.0829935596798 12.9096489508112 1.38300917531995 0.756124099804267 0.773057673415065 0.612518514781668 0.793189898934776 1.31075421078167 7.78255891378519 66.6455290596105 -9999 -9999
-9999 -9999 -9999 -9999 15.0056899480224 8.62269952687564 6.92323943950669 11.7068924593925 12.7792535262252 16.6700057443653 18.3918554864683 15.7881312867693 17.1804508597239 19.9898903149788 38.2353501825744 44.9925049982187 31.5634867087217 29.3306034591419 43.4240751266688 28.597436444428 16.5831355352241 48.4994480716942 46.0359438697179 33.7187568333322 29.7170280830346 13.9530316136978 2.86432393659138 11.4210605841864 22.9392413256872 18.2178968585191 2.32674132587753 1.46640953101037 12.2074593908761 17.7643241866863 19.6789917559229 16.5698894703273 21.4391643968419 14.2494085126732 0.986679922056708 0.772315884983862 0.657959731364192 0.552053400989945 0.720460577303617 1.35556140258414 6.47853941285276 33.2178618693702 106.510607464212 23.7957020268995
-9999 -9999 -9999 -9999 27.7032535406594 19.0867899673325 15.9127162693848 15.6907988184002 17.3920638865014 19.4887578724206 24.9353289197205 35.5684357156675 22.1167553118203 19.3517923057868 23.8970839524212 31.2891288409339 30.0030615802255 35.091495671341 46.7691285522316 30.5768790277436 26.2633811051312 62.1628983305343 87.2276491949378 24.7413223725598 34.0082097947292 9.15516767283688 3.92711079004711 16.7231784656169 45.9692454199759 10.7612864295471 1.35882052023275 1.36974174556644 16.0802671052397 16.4162437225639 18.1729709006317 19.6912491816988 20.0886779663381 16.3059313953864 2.0977840745509 0.854831562275444 0.764242150172502 0.722828952476868 0.595037873666167 0.904357333954044 2.27360611451109 4.35235391654226 41.9086033244334 258.071220334616
-9999 -9999 -9999 21.9572186972006 20.6029135958997 24.2403826669624 16.2131658080147 17.5666583128476 19.8918728696939 16.5001026395801 22.3715919340295 44.0840134718079 27.7290389029432 20.3426356968627 33.8181408637473 27.4083941869867 33.2692308899636 39.0996857657101 53.4905424948579 46.4881726739114 43.0153995892244 64.6292533061459 58.5113642080709 23.1166513067703 32.280988114004 6.91770213969442 6.22563455375441 10.3093304246375 17.9684894145068 7.20741175953255 1.29778080083523 1.16503315054625 14.4819893460481 15.6495245946956 17.1023059748197 21.6560759429932 21.6055594318276 20.5377061323514 3.51591588118883 0.404198951758012 0.695378472051765 0.684115354917315 0.730426831754712 3.56548959123275 6.67210587450176 7.69847157966567 9.30549718502488 -9999
-9999 -9999 -9999 5.35480243518265 23.4977256319737 21.869885501384 18.6033241902193 13.5201916442151 21.0617456522545 20.9152918630446 19.3300830179972 35.3730606393642 40.7922262915639 46.6550407359516 36.4077599931806 28.568339639397 45.2446284064249 39.5843678476529 53.6992220423979 55.9602736282155 50.9481448823798 44.0763211772406 64.1757381441349 45.2686233354322 49.2479005630716 19.8023765173401 12.3043785439603 4.70936367226302 3.28282189720766 2.53888373939024 0.419476763962071 0.39589278257178 10.0164720068579 14.2575945913424 19.8940965678886 23.4385369045849 20.5069917509401 20.9358681171853 3.6975063944878 0.149133567300847 0.215472601466229 0.733053422659128 1.01325240595886 4.48736188227421 7.7826775421169 9.00519657729639 14.067197185699 14.5528165619763
-9999 -9999 -9999 -9999 25.3956577543615 20.5114224622106 16.915796277564 21.7525108350983 31.6803087428958 22.0250206645838 27.1192724742421 34.5990033686643 42.4790766786506 47.3424649793625 54.8224758800065 46.4164438349879 53.1916662502928 64.3926352433313 44.2982918657059 56.9581201511381 93.814089898999 39.2163139844587 51.4572951204111 42.6920129617973 23.8475549404036 9.30917408437543 4.00714250577334 9.18621823428228 7.97554466353895 1.50145043118229 11.0998886920012 11.032259359283 11.7214952710117 17.0756599984274 20.4789911817305 27.6071042770776 59.2402417821159 26.1574646357639 0.115279261023899 0.163773594766589 0.119457054215803 0.474362383390341 2.47218755786633 3.82446316996228 4.65596594830989 7.03283253013401 9.27820045590186 29.0261265539538
-9999 -9999 -9999 45.2400440923888 34.1575866950592 20.3844041985784 27.1053593852639 28.7957758423943 32.928787511195 42.2808122643846 54.2638729004145 38.8502675698678 52.3913439511238 61.5630216874784 70.0707785060599 45.2712768157663 34.4817601412244 38.9217973321153 36.0215231135337 65.4738944296886 75.3291843991874 38.890238993688 40.8684004815583 44.6511386464931 32.3870657925961 5.11770335725717 2.52231084517319 9.60781482808822 8.74536806731209 2.86931386560891 14.792841262528 29.4608071303958 19.2441358489179 15.6722615717057 32.3620740851089 30.5952311827181 46.7141089560175 -9999 0.319230496833722 0.157498194091969 0.786858757232946 2.75854545819077 3.01717258189757 2.35251593157743 3.03811297031917 -9999 3.79839662949362 9.89196916175814
-9999 -9999 -9999 65.2880557800281 36.4225573165727 39.5626497052756 36.9966483022188 41.1259560019946 40.2294756010944 33.4821121320431 31.491937958359 36.2416785358172 36.1614198101516 46.5002584317113 62.4345537373386 70.0441170361842 63.7950132711938 60.2495304246641 50.5676987438817 96.0281701919907 67.2562420372249 53.6197408575206 61.3129552872203 67.1144036621887 33.1112909499339 9.48258592508725 3.1071152250281 4.37265379372175 4.84417884851441 5.91559060056874 19.6907711083743 25.3063763527968 26.2106860196713 16.9637666121337 28.6203410170819 31.7485703464726 13.7506555869175 3.38089938474254 1.70387915722292 0.485922708346269 8.49298451652882 11.4343637149935 8.14703337545966 1.87849711167045 1.26706674521631 2.65370418460309 2.88780511558766 4.56213008264274
-9999 -9999 -9999 17.5081216115935 34.9419171334048 34.2169017371401 39.4985299469139 40.5943998302197 32.1536994489504 39.2514377108111 37.9240256620506 44.5880628728671 63.0935453824831 50.663397257847 55.7096529940958 61.6033397065227 110.053369091647 98.2785364185988 85.4602247007215 100.663455251779 62.7091000988279 38.8966195122402 37.4507720058197 79.4964868085162 82.3677618807441 20.7019840055057 2.8431139114752 3.14947824899211 7.3212211392833 7.33288147468785 27.6231902069615 24.8359188780571 28.7821076358634 24.1789841577058 10.2232773062814 2.42800829643694 2.03273651085673 1.73810619620887 2.16603379201881 6.72011194773086 19.7543208723299 14.4083424659727 8.67804419417083 6.18705860241337 8.7866022893506 5.08449504980988 3.7495296563838 10.6370369730208
-9999 -9999 -9999 23.398066347899 56.0357512383821 32.5907508436453 33.7963565004986 42.2712680530724 44.0932329363239 69.930064032224 52.2480032235854 50.991142543049 74.5520531469457 63.3765880497147 54.582144440044 83.8689315965649 170.868361693609 190.66062069941 106.88077265293 76.6921162530052 54.9089902979422 43.4895855987847 23.4851401365544 145.250166199739 59.8352810327398 14.0684183809271 1.744284839662 1.46598903983526 3.63054862717956 2.47839081667649 24.4382578282477 32.0219055171114 33.7000630102688 35.8777740186796 1.86709019203436 1.80114935084746 1.98148504398138 2.37979459136172 7.9076225532933 17.2932815668836 12.9870155449935 6.75456461981407 4.6720691289637 3.80507168424833 1.62251302429875 1.08761744827819 -9999 31.7263786480433
-9999 -9999 -9999 -9999 66.1512527236824 34.2891166134591 42.5797206203586 41.5778811431624 49.0334701242379 60.1626543046034 50.0764087472162 43.4099834206074 61.0557087419345 79.6149602837349 66.5248605663111 62.2382669268199 82.4094588586941 66.3675071861542 66.7279141389893 105.339199765655 42.405494701791 50.3879922795042 78.3476830117301 141.925497672766 49.459467367701 10.7924032657844 6.04169851164993 1.79706685576523 1.24883525578207 1.15110145945549 16.885694366137 40.3502408649598 31.7884310105601 24.5114076772309 7.97623738063263 2.10675813508621 4.57195944106885 8.01139468849704 9.38738050453166 14.1226788907243 4.71561935416165 2.99057078805928 2.81189583250282 1.13278178948877 1.12254118552724 1.09327071877401 -9999 27.7662533529742
-9999 -9999 -9999 -9999 68.3146487369059 48.1204026294674 34.1108008788051 31.7162271834439 32.0847927418742 39.8101112588591 49.2938693367708 40.3563324715913 48.4274383045285 64.3059386182989 46.7258972086441 70.192897346286 71.1970982429889 55.0664655073709 47.7261809046894 82.2202096004075 62.6226194183652 70.932797809922 72.84620909424 92.3130025912656 43.0445839086185 15.8721523589386 16.5696915766619 5.565809321522 1.05002777002791 3.73323919377345 8.59191892894976 46.6059995648769 26.2130339441506 23.0830985192573 17.0848332887968 3.03912203244528 7.28262670595686 16.5064770629151 30.5225339713602 10.1889710491259 2.7387666460635 2.1336167604005 1.02015709744555 1.19928364753634 1.31660790254432 2.22172067685619 17.8464267221474 39.4871967657857
-9999 -9999 -9999 -9999 78.8263315643533 70.4026196191667 43.9297177375212 37.8069056777639 41.9047941850632 91.3379866643246 59.0661112115113 63.2420194772235 62.3073628159574 66.6788567619164 43.419199348143 76.7988903590633 73.6667401504422 59.2890430022881 66.6926084064393 57.9024678012928 81.0831001819021 68.3530023165732 110.388104077197 132.657031041227 77.8538185056919 42.4761071555447 30.7426594374831 14.2776072368293 4.35005790608797 9.87044936915051 16.7067958162649 61.1395772931036 72.2443029971244 49.7502154892694 33.5593400444645 9.96849613851233 6.68265535093397 10.7334228755542 11.6515238098431 5.74581179370601 1.83447066000953 1.58143056521314 0.935856848466366 1.06673245109736 1.9875980536644 2.53984141979819 9.94356239678969 40.4879781849092
-9999 -9999 -9999 -9999 47.0548787053661 80.6569321385616 52.4588947992468 59.3235362109658 46.8770583355298 50.2102628998155 62.8489630393507 70.0416335198499 54.4728112229353 71.5065311277187 69.3574093777808 94.3524587994132 65.4656984817965 108.876492098047 80.7515421241526 68.0337141579532 54.3250333815181 48.6156468561192 98.1914384861635 197.016586935472 142.774157918525 96.1996489473573 87.0325103755185 36.8543400386986 10.7163908576842 13.8314500196548 6.71472385643045 20.4155019246966 66.3419691913643 62.4034069476233 44.832560600567 13.8742721128044 7.40769223806648 6.84453979404159 7.39245617178622 1.48958226468597 2.88602281448494 2.06681677903303 1.82064811075817 1.08260738317443 4.72527186652027 9.79108802137805 5.37645876388347 19.1250778753585
-9999 -9999 -9999 -9999 49.9809888936175 91.7471437116036 62.4293037098825 54.4242409898588 49.2336489357656 52.3752814990809 52.8748923692149 88.5208845004847 74.0693069046312 85.4578117700857 74.8615626328959 54.8855776089879 101.734836710745 103.860001081166 63.7468536394215 79.6888142598034 62.4502068868793 115.606809728416 120.081860883615 103.520527986031 127.023026159457 93.1125588641901 75.5889957214261 35.6520973499463 20.4819844772331 9.83421168634795 5.30013775906336 11.352012347387 39.5036322495275 35.2817325974899 31.7909846532272 16.0323267467789 8.84895820228866 6.95475312839883 5.24689857889763 2.01822533389228 3.28548481756981 2.72716917299793 1.92214573556518 1.4537063311701 1.35186480232259 27.7427070643629 21.2753957783961 19.7011351357216
-9999 -9999 -9999 -9999 137.081709826861 122.22565926086 73.1877062153684 72.0850834582731 83.7759076829437 59.8116360863307 81.8216010488811 99.7936980305948 70.6643009139391 84.6226925682732 71.9667391655352 91.8575039438532 117.634031305218 80.8566500442846 71.8183431406669 121.003668953693 57.9429488426147 65.1546874499359 109.344145611714 34.408723523169 43.4586305616256 43.1983820842069 41.3227104382762 15.3426576638059 9.9701406174469 3.5506496583823 1.99997737537836 5.76117456010301 37.9765020188536 21.9276828063466 16.5144286774501 14.6125830316233 10.4711483620169 8.29487424528753 6.87419890656843 3.52646633058582 1.60786750662549 1.08110876250897 1.70823525438823 -9999 -9999 22.7554759888015 28.8567269692544 26.5902985765938
