Model-results/Spatial/Snakebites/No-bites.asc
NCOLS 53 
NROWS 93 
XLLCORNER 376490.070567719 
YLLCORNER 384721.488324056 
CELLSIZE 4595 
NODATA_value -9999 
[rows 21 to 41 of 93, columns 0 to 47 of 53]
-9999 -9999 -9999 -9999 -9999 -9999 -9999 3.30612332743544 5.93231720804472 5.47093243980276 0.190502217026914 0.117816505773886 1.0572165354782 1.05947995553269 0.468776045832767 0.96897179424725 1.08645284546714 1.57556597397653 1.64656765767581 0.889501501455305 2.16939853882547 2.1177176948332 0.86454495526631 0.117354850094331 0.132682703267376 2.82655968634222 4.77645596778361 11.1774523336522 14.2582759815957 11.2481160185476 1.2680129902638 10.2983513991891 -9999 -9999 -9999 -9999 -9999 -9999 -9999 -9999 -9999 -9999 -9999 -9999 -9999 -9999 -9999 -9999
-9999 -9999 -9999 -9999 -9999 -9999 -9999 10.4393028255479 6.58855429304289 8.18304814056251 1.07294238581917 0.113111520137336 1.1013283849425 1.37964030524924 0.969906382370592 1.27066798131184 1.41807135360081 2.36351530772717 3.50339668171973 0.805655603323498 2.74102290933601 2.57924547371071 2.34557157651292 0.0355080471509579 0.223864545144311 2.4491327597661 9.47384521064728 27.7905706689907 16.9057379884794 4.90569126774986 6.08717273554835 7.2906460113293 4.23667042373951 -9999 -9999 -9999 -9999 -9999 -9999 -9999 -9999 -9999 -9999 -9999 -9999 -9999 -9999 -9999
-9999 -9999 -9999 -9999 -9999 -9999 -9999 7.88071575057048 6.15063260057153 6.5833433190005 2.42681725913 0.195918513510153 0.427585013674805 0.860403262522484 3.01609383851703 1.66334384551106 1.52352278060349 4.36821825235003 12.4824604070831 5.01388708526393 9.29281668070172 3.03562938271175 1.14268300538493 0.79249582205346 1.11921863358875 1.98338133748144 7.6997825633411 17.3821921385255 12.6111841228482 2.82217681211303 2.58101796250183 1.60975474746228 1.32424505017066 6.50218674994554 -9999 -9999 -9999 -9999 -9999 -9999 -9999 -9999 -9999 -9999 -9999 -9999 -9999 -9999
-9999 -9999 -9999 -9999 -9999 -9999 7.33985101130696 9.16907932285751 15.3887089126573 8.44330468555799 3.99829753098883 0.910777135018032 0.38860376565241 0.765871958614702 2.6581899811464 1.60042868184916 2.14480449319698 6.00445698915917 17.8393361541937 23.1357231346344 29.2953382298244 8.55087363751417 1.64295810687453 1.09600407737222 1.0576952411947 1.95351647820311 -9999 14.9577190273567 11.3698299808765 2.09646630373526 0.62159057461158 0.597035385955246 1.13219899547106 2.82783818726271 3.07850498278903 -9999 -9999 -9999 -9999 -9999 -9999 -9999 -9999 -9999 -9999 -9999 -9999 -9999
-9999 -9999 -9999 -9999 -9999 -9999 -9999 10.0175397809441 2.07334705240547 1.85051936931001 1.05812489502729 1.68580091250123 7.89981045750831 1.3302952812067 1.54197791803355 1.51744772017549 3.38019380401513 5.94423394103836 12.8010909958035 85.1402518665278 96.5393997350314 23.8232544964722 4.82924597721228 1.61228791444954 1.72062122303132 1.56681842568885 4.21138219673367 7.67032692359909 6.52471649495134 5.28308470825769 0.99134991685452 1.29751196320247 2.86009931250933 1.39932274831703 4.38162347745126 -9999 -9999 -9999 -9999 -9999 -9999 -9999 -9999 -9999 -9999 -9999 -9999 -9999
-9999 -9999 -9999 -9999 -9999 -9999 -9999 4.06313151608252 1.73645968283843 0.814324238723596 0.495093453881712 0.538773170974943 1.30150237468437 5.64361524442073 14.5728210896223 10.9044083232366 2.32203610577193 11.4154044334224 18.2040931165136 41.7328010320294 84.3253661031352 15.6264431185856 4.12963005098561 1.3457655686239 1.53553783582746 1.55712791677445 2.73742163805553 3.14812005049188 11.6114386271899 5.38530144192422 1.22402784669335 2.59319017561381 2.59533893790774 1.84299636657504 1.32715231890526 3.1053072476352 -9999 -9999 -9999 -9999 -9999 -9999 -9999 -9999 -9999 -9999 -9999 -9999
-9999 -9999 -9999 -9999 -9999 -9999 -9999 0.727279726348254 0.949948904735316 0.920012358923736 0.47641247786161 0.552367507157721 1.23875297472636 3.83484189196055 12.1727788956706 9.22604738171904 7.35916153361267 7.78334049639605 -9999 13.5998146437147 23.4829921497135 18.6018285337618 3.87183572495146 1.3069269733563 1.75278036513072 7.9953825079426 7.64308183816436 10.3129164620274 7.27233859960012 4.61672833159797 6.68773618811835 8.0520424628243 2.69106352589919 2.51664612346999 1.65195335778623 2.69328502337387 -9999 -9999 -9999 -9999 -9999 -9999 -9999 -9999 -9999 -9999 -9999 -9999
-9999 -9999 -9999 -9999 -9999 -9999 -9999 0.975101253804078 0.434892226970003 0.370360260735456 0.911460996222722 0.87963004195829 1.41109383086322 3.25617157724392 1.58315707703115 8.01839570773686 8.01518373169171 7.39292734254789 8.07128454127079 13.0650358400729 14.3162310781407 14.874875930851 9.32567366944629 6.48467484719091 17.7821051454149 15.6008203818977 5.5447361060898 10.4488328059067 7.50636192659601 4.38128884127874 5.74043965240456 8.67193199094381 4.2379350020906 2.93363444607576 0.800185289872088 2.27039662012436 10.2186621676464 20.7362895679324 -9999 -9999 -9999 -9999 -9999 -9999 -9999 -9999 -9999 -9999
-9999 -9999 -9999 -9999 -9999 -9999 -9999 0.664433721055698 0.180543115602642 0.318893009971916 1.03941077928738 1.36689855188761 1.87580135729603 3.4874915280476 3.44133973880136 7.53746754917438 8.71457389197634 10.2508536567803 8.55855116738361 11.5306335745341 13.9829999577026 13.3842212414294 12.9133098110297 9.36755254830811 8.86350597153704 10.4723323704248 10.9249969032249 7.74217793915973 5.48300835979046 4.72131300637388 5.27117894932546 6.07295565191758 4.06273837783913 1.32153026574755 0.290010750058794 0.48077069025889 10.9762039148948 86.8164758326983 -9999 -9999 -9999 -9999 -9999 -9999 -9999 -9999 -9999 -9999
-9999 -9999 -9999 -9999 -9999 -9999 0.227048823481367 0.411155028490493 0.172597852208624 0.361875602519132 1.05994418935974 1.76713534456636 2.17885260904214 2.52198866053135 6.17407336121061 6.20859949715594 6.38941550957707 9.33372067637504 11.4983601317886 17.6272050375019 24.8525223383562 15.2763043740882 10.5460500478211 9.36651607915569 11.8781302171973 10.9238018114742 14.5441797080481 17.1283510307657 17.7877873846938 6.26611313304722 3.95683890742873 3.46764463164109 1.58108634666325 1.64260068280987 0.978896271381774 2.38115593485634 32.444238515545 55.7787212633568 -9999 -9999 -9999 -9999 -9999 -9999 -9999 -9999 -9999 -9999
-9999 -9999 -9999 -9999 -9999 0.0651351638389487 0.112668888287826 0.223371613675417 0.257890622070608 0.577441926711212 1.12208962559066 1.17158696228951 2.11309815779598 4.87233113871527 3.04239111160213 3.45835852454262 3.53432135150409 5.59842665497394 7.56797591686206 13.9399361243134 38.2095260959924 14.8525405341741 11.622705362696 14.5651034457772 15.2232220231481 15.9429549907865 12.6683572521808 18.7644184694851 14.2199375549414 2.45075838228908 1.42783288524742 1.53277503478388 1.45384471133105 1.37638493972397 3.1879498231872 4.35025458330294 -9999 12.212326636727 -9999 -9999 -9999 -9999 -9999 -9999 -9999 -9999 -9999 -9999
-9999 -9999 -9999 -9999 -9999 0.0860672879845831 0.167933914079928 0.254909257353756 0.263150605218587 0.510298232703736 0.950369506184087 2.77327205825482 13.7985399817212 16.4483004802551 9.42347046536326 8.0421866473059 5.24292797753516 9.61221866028909 9.05156377064142 10.8372856284445 35.7724556464288 23.1705766871845 15.1232057540484 12.2849309242671 17.5872743100942 17.398221137892 12.8701389283704 12.8770054034619 6.04477589037351 2.24463639298841 1.35146244187625 1.4486017671456 4.21064438823312 3.76879862772097 18.1518057458668 -9999 72.8723193273887 -9999 -9999 17.176394997734 -9999 -9999 -9999 -9999 -9999 -9999 -9999 -9999
-9999 -9999 -9999 -9999 -9999 0.11818560856082 0.211691470828588 0.244898015245372 0.327351683301118 0.499921801698557 0.793651121536638 1.92387657065853 5.39474456880368 5.72597523406469 6.44487752928802 7.58986156703518 6.83357481372108 11.5031693661511 19.5391933522346 21.775950969835 26.4260366075248 16.2595416105401 10.9060187077281 14.6103308492156 33.0491642842349 44.3625688221456 25.4519795381411 7.70740876208223 5.75172966629617 2.15734078296335 2.01320232513887 8.1140951129022 9.51990436356588 27.0735642846465 31.3788804233359 11.0457548511742 11.9049501443862 -9999 44.4899238723643 29.9860288134239 15.9715622942994 -9999 -9999 -9999 -9999 -9999 -9999 -9999
-9999 -9999 -9999 -9999 -9999 0.202348240111025 0.241895476053509 0.39942820619327 0.624008727286578 0.522066132824108 0.508655872614758 0.632911463947311 2.06686998810901 3.51997124812744 3.57378939283704 7.47905426478092 9.54296071912788 19.3107417317461 32.2537879472288 30.2360690435514 25.7000998689404 -9999 17.3992915187624 22.8813929233916 20.179133502012 19.5113826582289 16.7927717817085 9.44747508158235 1.15195539388871 0.599817847704647 4.39218830689965 24.5722159466736 -9999 21.4408848272953 20.1726435883382 10.2522058756576 1.7490965017898 3.40505712504161 8.40530326055092 35.9922347650483 -9999 -9999 -9999 -9999 -9999 -9999 -9999 -9999
-9999 -9999 -9999 -9999 -9999 0.334897104424606 0.239757676060627 0.433795345965279 0.745979790704323 0.803705089111509 0.641246085937616 0.515685723505383 1.72009487191117 2.77945415526931 4.45330945454998 10.9977274020889 19.9440677049391 74.2131069923534 89.237564925008 54.8562456579656 45.1152934748043 16.1418535783423 10.2251302391244 11.9453072397078 16.0391045228647 18.625262313616 24.1096303627066 8.16106227281235 1.05393266335262 0.561297399573389 3.43923300731877 -9999 39.465286336696 31.7446095965631 9.11844007189973 1.61518122170248 1.20347060898538 4.53647296460592 11.3573958800598 19.3078206749668 6.39596332273458 7.56507322614413 -9999 -9999 -9999 -9999 -9999 -9999
-9999 -9999 -9999 -9999 -9999 0.322220736841316 0.248025618962382 0.308658143296276 0.715672048002714 1.62342520981282 1.19542081748192 0.813183818033437 4.44286935975352 12.2348802141885 16.1951467157479 17.4542597803307 24.9626102239385 81.0181556935541 170.047651646073 41.190180573341 19.2154000824049 7.94682552595856 7.45910417843164 14.8594236438387 18.0356505890328 25.104392914897 34.1497313187053 18.4358690109169 0.607158824374848 0.531797337583815 0.96528984319358 9.96527040607458 22.5698945402422 1.47839454916142 0.811776864615791 0.950662808371762 0.96936019618337 1.75569606333484 4.32886141274403 19.3618526114701 6.14839628607146 14.1177674869136 -9999 -9999 -9999 -9999 -9999 -9999
-9999 -9999 9.14899424102586 -9999 -9999 1.49392468313456 0.491276285736631 0.532470611078432 1.17089110765231 1.6862041198033 1.73337532495135 1.56813209211747 8.47297153740387 52.0574907420364 27.3635455424795 16.7396214011014 16.6234065023498 36.0073402715906 54.6265308271176 32.9253029536944 24.0437654291209 7.34470204362132 10.3614072079869 22.9134839881255 23.2187711756456 32.8254122070558 39.6935109584834 17.7539823092904 1.22930325035855 1.18353721410965 1.14673058967488 2.81823777882705 7.91879385207655 4.43397859255544 1.7224316166146 1.42186454161817 0.855964457213594 0.612446157236252 0.926213319846844 4.41980779119585 6.66680303149307 17.3997590949961 -9999 -9999 -9999 -9999 -9999 -9999
-9999 -9999 38.6785133383658 -9999 10.5032057927069 4.50753578883755 2.86207273993939 1.22614763411534 1.24485393711278 4.56797100230622 11.9437864946662 25.6142074890438 32.3976004850558 36.1793190639632 28.9608537840795 35.8122535132527 36.2124653295965 30.5931382756204 20.288708280296 21.8930923986068 28.9612526042774 20.9616529045869 10.6272683322816 18.1114309036866 21.5385212082895 27.4528056733108 32.8109444632879 12.0176978208577 1.30211022546977 1.1572586116672 2.59288884210995 6.65321005224312 4.70910308261947 5.3392298583232 3.32076567617724 2.83529527881485 0.946491838763375 0.632583048836372 0.922276910791143 1.88694860178768 5.76799103196125 6.2451267179152 -9999 -9999 -9999 -9999 -9999 -9999
-9999 49.534129522729 -9999 -9999 7.09629348596045 7.0743768553494 3.26178628906656 1.52901758011965 1.62171900244275 2.75997623562791 22.7411664178988 35.5427787517891 46.1203410685481 36.2345120887067 28.2383933776553 33.6696533229355 31.7868444696075 29.6538209790327 14.4939490096899 10.1350379149812 10.1408976300892 13.2001436764276 10.6509693227625 11.711259428521 13.3197387275819 10.6453498179725 6.7393816866589 2.302075977398 1.46501812468833 1.48496375358431 8.56228154466671 22.4613966253846 15.1483050627258 22.2930672255264 8.82980602609952 0.881268521514496 0.546266414496142 0.577422913925951 1.24021725106198 1.76721602348314 2.8164988618691 5.55220407408774 9.77037355410362 -9999 -9999 -9999 -9999 -9999
-9999 31.1264403215838 -9999 -9999 4.95297173077363 3.82953560729915 2.4624927007458 1.91989990603071 3.05398150917163 5.03811007039384 18.6474092338 32.9493960831671 42.3212409155005 57.2000863342595 38.3249895766389 65.0083507515386 35.3848525070334 37.213596380923 44.0173050858518 25.2387491241149 11.9669439961937 15.4066131742588 14.2049208390491 19.4184589758014 8.88925673696875 3.6385015833365 8.22533859055607 1.6322575685417 1.61398582142013 3.49900049197761 -9999 45.2306607283298 43.0365761208162 30.148687168966 11.7880364535717 0.785018510802478 1.1020204990454 0.751984701669383 1.35976461215064 1.62130047208616 1.71198086989289 5.948475562075 6.01198995187622 -9999 -9999 -9999 -9999 -9999
-9999 37.7760682800128 -9999 -9999 -9999 7.08696923704137 5.09345883828344 1.98493180008437 1.4714293928507 3.65596210495887 6.07914354372913 9.77067103830329 13.6401413824381 13.9815871014658 15.1525123394328 35.2014911114367 38.5124201085659 46.5889764478222 41.2278154148293 34.2900019682979 39.4181071789115 32.5904829410327 25.5112331225813 22.4051326109038 8.3463991008202 8.71218084199794 9.57259296460378 3.34127449002414 2.18250940456543 8.01434837652254 16.8384387822711 35.9454579808622 33.0497520061323 16.1524010430846 8.01855190738759 2.5725778956249 2.12305862708509 0.796932089064661 1.47663883736124 1.45195051314986 1.90125478891417 2.23987963944265 1.33336056680985 0.242233201959792 -9999 -9999 -9999 -9999
