Model-results/Spatial/Snakebites/No-bites.asc
NCOLS 53 
NROWS 93 
XLLCORNER 376490.070567719 
YLLCORNER 384721.488324056 
CELLSIZE 4595 
NODATA_value -9999 
[rows 63 to 83 of 93, columns 0 to 47 of 53]
-9999 -9999 -9999 -9999 -9999 166.711134583739 126.61478059331 125.691587414705 73.0141914827634 86.6200622622678 108.688655487408 113.949327471279 79.80746113438 81.6902755911158 50.8977890262375 59.5433622514676 64.6547754629704 61.3030455057664 46.0793832972201 92.6317806826848 70.1396990815351 50.8406805458342 104.461330552406 48.7876104846393 25.4989159557597 21.3548555262314 40.0790273947308 33.2585759111616 14.3007847145176 -9999 1.68630017835928 7.15801784950022 21.3183555075331 26.9904994721697 13.0142620834298 11.998236906043 17.3512534413999 23.059539755403 20.1555397767245 7.84535759969335 4.26046355349727 1.1631179468353 1.2128228691229 -9999 -9999 17.8810038541117 13.1235872137143 15.6802025082712
-9999 -9999 -9999 -9999 16.9123605406742 170.225121052598 140.022908617995 103.58873603697 92.7923935788546 120.858659188118 138.324861808186 113.977946197507 64.2507393890996 45.8481965076645 47.9453821860957 72.6400315281354 51.6582676936281 59.3490226286509 25.0991557837204 55.9889594394644 47.9475528338404 52.085191935471 89.7108576359851 41.6837423579106 14.8478044139255 21.5815282203826 36.6452337442486 38.9687758571804 20.6219058206627 4.99833255184603 2.95799140113995 6.31102044746049 23.0197446723464 27.065226114275 20.0077555178241 10.0116316865312 17.6772767639935 36.816528298315 29.1723601625691 13.9597934836215 7.90352467591612 1.01747428816356 1.41731328961618 2.74520787067789 -9999 12.393473303484 16.834172239852 6.1822844295058
-9999 -9999 -9999 -9999 -9999 128.486731747378 147.173360294249 108.955660099068 137.400872571014 116.700267466003 132.104222978865 114.138704809214 58.0208545824178 39.943363023302 55.7407954663798 86.6361204585826 59.5428074717028 35.8373469282151 11.8435248073311 13.5684607872529 29.3915858364845 41.0719333563839 34.5635853841585 33.4336216132109 13.8257076027031 4.80658686593578 13.5334583988647 39.5724560656842 21.3195534750758 37.4202838199844 26.8944134535042 8.72630078258285 18.7504393462715 20.8061223625125 16.1058850589905 8.21563327428712 9.71221674995271 23.7719896631579 31.7661685118806 19.8632201269978 8.16982917076643 2.36906172329877 2.9565200225977 2.89789339838805 3.506204024495 5.62084500276729 6.4155989174291 3.98298849868567
-9999 -9999 -9999 -9999 -9999 133.577649559993 180.071983036589 156.595728975416 158.018600974182 113.741945328682 93.4640315672439 105.906474459421 57.9686707733199 35.9762621693091 85.8382249190352 65.2629227104516 36.3719600171028 22.6356376165935 12.4547366413293 10.1788763797309 23.9353146597038 94.5202500004993 40.5516306857528 -9999 40.3277074132167 6.2649342430968 4.90871828661455 21.697887714436 7.3700361150216 20.9228316537384 33.563599558058 16.2245070815494 18.4651571149468 23.560302542326 14.5316906180862 16.2167174915831 13.8562048704155 20.2061833214038 24.6181199110995 19.7209164155385 6.40366398586059 8.12816087944729 4.93598549451276 4.98813123115895 9.56107849955994 6.36038255565234 5.07347291960662 3.84015696532158
-9999 -9999 -9999 -9999 -9999 164.777589987431 200.109089156065 197.375827152098 132.432389591149 116.113857869085 105.186842279935 100.558236700191 63.5751872171767 48.4637513536218 75.1618104468048 85.3840981418083 36.2840957782018 27.7409231411409 21.2708287653299 13.7346248136738 35.9327783663413 32.3995842153884 15.9444697636679 18.5430849161963 24.5335761211917 6.30196821365239 1.97115968898503 3.30154885989859 8.59931173771367 25.1315271101862 37.4639770866625 28.8835532209872 30.5575120676399 76.8939481462227 33.4742268894551 17.0322375148569 12.1450783371499 25.4213948056931 17.4067941828309 23.5931084094718 5.76737053754644 11.5221461162871 8.78090314087454 8.87749278039826 12.5673082197735 9.73188558079321 5.30096284054714 2.75127005496793
-9999 -9999 -9999 -9999 -9999 262.878969479613 220.814999661265 176.61233715521 174.247457077206 117.805253614942 76.5013755300043 93.8086491551822 41.0541606270545 96.4738483412597 73.6965284527154 47.4349603771227 33.6956082504726 26.0204159499562 19.6934860273767 27.5908685375194 26.052991587065 13.5641119382206 9.64335976404682 22.2055475844618 9.78160000516886 2.49299016498487 5.87113070553289 4.2752946883766 4.91133607280193 19.3435352227937 33.7338362055228 35.5263054729976 29.7598928739871 111.395390759793 93.8508238142252 31.6110079991062 17.0122493592796 21.2976183277771 11.3337670231075 18.7680532757704 10.8237470141765 24.6786578244812 16.3165177237278 14.428969802146 -9999 23.9586403245614 7.45449318122521 2.92202578998075
-9999 -9999 -9999 -9999 -9999 374.462947946005 245.61143545301 164.037297329556 196.368237884636 95.7638060499867 74.7941439264792 91.639518145782 74.5334810158983 104.562998514009 47.2670394162178 36.5333234963969 75.8046808489858 29.3690866975802 20.5521031970112 13.6100592226519 23.711585572234 20.5176914275659 18.2610171435222 24.2738540496156 23.5127862024161 12.2215782794587 9.52308530583037 8.02062008185611 16.9612607573269 71.6673810988245 54.1033943929131 26.0610129989241 31.5546977528493 53.6294183835298 31.3483350860893 26.5686013771374 44.0928754750472 20.2499898037575 19.7526734891056 21.0802727291367 18.082110209588 17.6239535264689 14.5528563886011 21.7272969534512 10.8196919099109 24.6970873326769 9.9213383774919 5.07674352212278
-9999 -9999 -9999 -9999 -9999 228.244885321738 223.033106866989 179.147572605794 145.64906900821 126.546515660732 116.750455053376 76.3185194726145 39.4925986745173 59.1986355000011 52.1976990192508 38.8277326922111 50.3297123296869 27.3502015453886 13.6415445437622 6.40182567651298 13.582020829482 21.358339244964 32.1306092332779 14.0038219883251 15.7730130534687 18.3714446033361 5.6191718798014 1.36510773248035 15.878183413758 62.7298964803769 73.121941146134 34.5040151626135 28.0838561480063 38.5617138127038 29.2407139701446 30.7312183976337 20.9706526762081 31.5801937112352 40.0548646377899 29.4685482129169 42.0185132943017 19.6070646101903 21.2394624488319 25.2885816737876 16.6800249149881 20.9494909760079 13.9797954196678 5.61063059109916
-9999 -9999 -9999 -9999 -9999 274.748695802413 228.878461804416 182.465794885896 189.12914684076 172.444123718829 137.600112986028 69.8601392233018 27.9413258670456 30.4984530145177 99.4941859930565 44.4708601713036 36.7694254870985 26.4194104663913 9.76610471597575 2.23971278821829 4.67175658513724 15.0568071442173 28.188979070278 19.4647334990315 9.26072463849491 8.04296769280584 7.5686284419615 1.76940141370963 3.87349871838536 25.8205206471836 34.4721770593354 33.8830116746675 45.1308253261558 33.3997441710457 21.5370666599289 16.4076866745725 11.3859740029973 10.63544770955 18.0780295125712 25.0720623378584 60.8911472096843 21.8804109684781 12.5965672119602 10.8793302992416 20.6402563050045 14.1475922021518 6.02097014182716 2.07239945560165
-9999 -9999 -9999 -9999 -9999 246.854650600969 191.401664255504 180.104180772267 133.08114304695 88.830423038754 61.5088482994415 63.5305948826317 39.5898653446473 32.2796780259061 65.332723766697 92.0653990857496 72.1817142345315 28.3629896226569 17.2382260879382 5.22396311821073 4.98510443248627 17.9311131221296 21.6071840644649 20.132569230477 14.3120427099465 3.82775129795236 1.7752102586672 0.621173524666422 0.47569839081646 11.052887360332 25.4648342603901 41.4195768424843 44.2606740937765 26.9821045792031 19.9849297909305 16.2166530071469 13.5895314943188 13.9780815995244 22.50543841834 17.1557615797744 10.2018381680208 20.7637306207383 14.6578182944397 7.43884473358578 13.9002681352709 21.2737301433676 7.2855106618639 1.6916451512576
-9999 -9999 -9999 -9999 -9999 141.978372125691 169.427586259447 124.589658029442 92.9387081068767 88.9380918188656 71.5260007001344 80.2324993172736 89.8297598843592 38.0791711144339 41.6170853498377 49.1730686335931 83.513200765107 83.9884273600153 25.239680461814 9.25801026276392 5.23170057968981 4.93697435397577 9.45477280211606 8.19560886626449 8.75516241300615 7.90111647778552 2.45348316238554 1.43750727112027 5.23257370012151 17.6587332370786 30.8173157768922 29.8604570386571 21.9324335262748 24.350939488358 25.4265812783568 18.7267534451392 22.1168414680664 31.8815052886169 44.8903716813444 22.473416581167 18.113572839762 11.1685673887637 9.32444266665562 2.14072208994405 1.74934955049197 1.34100704593228 1.67280574943932 0.78964616562206
-9999 -9999 -9999 -9999 -9999 -9999 184.37509040158 106.993551228937 103.553742672631 107.945992491786 85.9072792247947 67.922003202748 84.1844922696293 52.5569473708149 49.8083340971713 57.9329029570397 62.1420173063657 93.7139593564973 60.3447524846019 34.3968209796905 32.084342986762 20.4267863136393 12.9128185152632 11.5396013462874 21.7471715862459 17.8335431048017 9.32039490362672 14.7785296047196 8.21574609830925 17.4136903968681 14.1823171237313 13.868670960103 16.2476172460564 16.0957033344398 42.1744824591594 36.6224687199531 24.2233269301735 24.4062188503544 27.2674840045267 18.2107717424602 22.6669034924265 10.0868144038242 3.07629456983469 0.931720215618059 0.635444465786442 0.590472376361629 0.549861270649045 0.500134970238925
-9999 -9999 -9999 -9999 -9999 -9999 117.910862505728 85.8906705412918 89.2759637130501 74.4744626478504 76.6397150830336 38.4000244237546 50.6846503056437 43.4174406954656 23.5850489645607 46.6962191092107 48.3270832803667 126.062853405992 137.411611332752 58.5907911118567 47.6348673337854 21.9652008322017 17.3732029800162 37.3692473870303 63.6225363394736 68.6552425449524 44.4759471907436 17.1786038887103 3.25294662248371 3.65489968499843 9.82549075773658 2.2470239208904 3.21053152768811 5.61060498930322 22.8027749371102 24.0085117451729 11.036119635156 14.454984101002 5.22101628849378 3.58831735979733 5.45224162681026 4.02613688032453 2.84163980615413 0.810651547138551 0.477072784897458 0.533811347760691 0.49656372501083 0.557232610317252
-9999 -9999 -9999 -9999 -9999 -9999 -9999 100.508013916313 54.4157370874102 49.5130336180549 56.3570355443998 34.791171727806 61.909201099515 46.7048813073413 22.3765137732497 37.4752023654015 42.3778316787145 83.326243978789 92.1057771821165 73.0690505304329 94.5099715652304 66.1686361229711 29.4536364634632 24.1953956368584 49.8228385933822 148.979433081078 54.7193887278343 -9999 7.94746583895109 25.3570297228926 15.171726231481 6.32148824994752 1.29834180036333 1.47441905610291 10.5986846310471 48.9329698941014 7.74322774043711 6.08804412863397 4.77283706440765 1.96279404515655 1.01407613423328 0.667913819338389 0.711260780537474 0.715708532871854 0.509999371737215 0.504522661027743 0.560034832157732 0.465838056199553
-9999 -9999 -9999 -9999 -9999 -9999 -9999 118.880676853019 57.4292743346652 31.0125799939695 45.4628578192145 46.6689559191147 47.4272482489664 32.4813903237963 30.3017630985359 25.8999750493778 25.1377824150855 37.7613031014556 91.4648780756492 80.3632006145949 62.4850806879319 143.294439638729 128.480872642033 102.274762602279 46.2158667651348 50.8345276847336 54.648200965755 22.4113720599345 18.5350481693363 41.0282128589097 13.8584562031439 7.10031555045337 2.76793710192104 1.77437341701869 11.4085662218228 25.6035745457178 4.73187871560584 2.99681251084625 2.71899025968697 0.707665748505995 0.682363978258179 0.656955755095725 0.644363308710065 0.637272959397182 0.828954178316334 0.706722224198899 0.73450914313984 -9999
-9999 -9999 -9999 -9999 -9999 -9999 -9999 95.5679091248381 110.420542546296 58.1065417483574 28.5210016131285 67.3726800184388 71.3430015891028 41.6368607088402 47.7436685534118 20.4261997699096 23.2065260104391 33.729422657803 58.4187820427657 76.7528871405602 84.5894104571573 94.2853992588991 162.490381437145 71.569727304319 60.6907386104498 64.0002562261694 20.8396448582163 10.5797371297381 10.406278590857 9.94452939913456 4.94389853680551 5.80637382647844 5.441638970096 6.88030302079512 10.6556579682922 16.5012402602998 4.62374839587767 2.4636621445507 2.07619997252869 0.675442888609545 0.712464485396042 0.79482919767309 0.782783505644184 0.819311389287352 0.748579420712246 0.782327375910158 0.572286131107062 0.111331484944627
-9999 -9999 -9999 -9999 -9999 -9999 -9999 -9999 114.974002972228 50.3286392292289 63.3197094694212 124.676489692562 81.9823528936176 61.9621380782247 56.367238964877 19.1782858804889 19.2328018216856 70.3811704684301 67.7835159004174 34.4780915991933 33.8871617557537 78.7827787206665 120.402470578295 122.431519955628 93.728586299897 65.7818024122408 32.7599359692371 11.115407159064 -9999 2.87042808255078 3.66104840888092 3.20153265893137 8.7147592020581 6.34783110722396 6.67534524713128 7.75092320163571 3.47964778187551 3.09893465760251 2.27066265397384 3.06605020196172 1.17247883193715 0.905973804285373 0.967939470012514 0.772894196677274 0.682818638727486 0.397553187567434 0.278946843610574 0.274862414679574
-9999 -9999 -9999 -9999 -9999 -9999 -9999 -9999 166.267783516206 38.8584086484914 56.7281826403374 78.262593289803 48.7111588510423 40.4455236960726 32.0314391938729 28.7204434082585 6.51692157855389 15.3849798861312 34.037030180614 16.9308409594409 26.7302637310937 15.7293636788607 64.7184811648251 108.418345641726 103.387585721189 77.5513533889981 39.8894785509196 16.7686112933872 -9999 2.11912532351521 3.15950657668474 3.25164491868547 5.5877281832801 5.67660817158472 4.95850015972682 4.66799781762476 3.65078357405432 3.52741894998983 3.89963261198962 4.02348920362457 1.43473756020296 0.854940687506096 0.923073544798951 0.816687544167343 0.338288082589593 0.346203746477831 0.32889970017051 0.267404239476618
-9999 -9999 -9999 -9999 -9999 -9999 -9999 -9999 169.926429107263 65.3674135240859 52.1392156028091 35.1004576645154 40.0368893337243 54.2565299216953 21.7128284995112 25.7710875505325 6.71850000612261 4.27373277165253 9.83106427512043 19.4638002362568 29.2708948310603 15.9320452660703 7.34536670186001 44.8987994240329 64.8719327895173 38.8882365270213 44.8268914768009 50.2557171535844 -9999 9.12743782418827 3.44139848394478 6.00171686235777 8.44068472986472 9.83593860763412 7.55065447151801 11.30749257358 4.8035052618958 4.68708971781079 5.82606289319594 9.72640190074003 3.76654000436941 2.52699365765709 0.972436103161431 0.841969613885009 0.350686170600514 0.306422362757644 0.347526289708697 0.069543856469466
-9999 -9999 -9999 -9999 -9999 -9999 -9999 -9999 41.4738996935644 76.6164708249811 45.6202919966047 40.4174580576271 27.3646395945237 61.4169470083905 48.7964350228871 35.5542967568477 40.8535521789368 34.0232190033963 8.54470466463119 7.18055440999922 5.14267272476586 11.0719954573597 12.9758340254583 17.7241999971632 44.2672941265631 56.2236097438082 32.0976074359075 65.7275704112551 58.7539611178851 16.0083415196329 24.29484115873 26.9361202751722 10.1803010394471 12.258855289846 3.84001690283843 13.0733425538831 6.14129809698099 -9999 7.15752229053045 16.9388421798331 18.2975058611475 10.6080972889581 0.65135269891442 0.443177621948477 0.432977708103862 0.411331600569725 0.101540093713625 -9999
-9999 -9999 -9999 -9999 -9999 -9999 -9999 -9999 -9999 75.8112049899938 80.5906896771353 45.9531039801887 40.4821568867844 53.5359522265632 44.9252603284541 23.5657777887033 56.0361444750611 72.6765173777648 29.3845578162077 12.4880464028821 38.8482356131207 86.0466169295735 71.2755987840044 39.5869523780244 45.5100728902515 45.7473829401534 53.6368629917861 45.0629205946359 65.8350010778114 68.493031321469 48.7200197068011 29.4944488953183 23.0188572360115 16.1673813189355 7.65570567025156 3.26551580671674 10.7518037039639 20.544030881103 11.9734520863857 11.7502150220035 9.92258437409796 2.47074471210989 0.413761804433249 0.326766540093148 0.18007345533442 -9999 -9999 -9999
