Model-results/Spatial/Snakebites/Rho-Geweke.asc
NCOLS 53 
NROWS 93 
XLLCORNER 376490.070567719 
YLLCORNER 384721.488324056 
CELLSIZE 4595 
NODATA_value -9999 
[rows 60 to 79 of 93, columns 0 to 45 of 53]
-9999 -9999 -9999 -9999 -0.687226092636403 -0.799747630910648 -0.84506094109964 -0.816733488069327 -0.836125746334974 -0.684558729595461 -0.485405113562242 -0.670406438631141 -0.692839280828107 -0.70482402372758 -0.894758988732581 -0.703154187253436 -0.920951178079072 -0.54794897666771 -0.852461424232626 -0.921003288014792 -1.00545440095611 -0.80883283227909 -0.760071297502555 -0.609802185826502 -0.908202484255152 -0.791966082262892 -0.760576401332947 -0.801816905745122 -0.551048074495007 -0.688630194104458 -0.816789311404345 -0.565155475891934 -0.710014274272039 -0.666310528933208 -0.396330893789762 -0.601750843796661 -0.601751007538699 -0.627788229244007 -0.92591423914763 -0.789445422099895 -1.03280637763184 -0.752451354055719 -0.95520059782083 -0.486319644346026 -0.805002759466578 -0.819715964275187
-9999 -9999 -9999 -9999 -0.756621461460491 -0.558668975478344 -0.749299564132322 -0.944497472346429 -0.803581837234061 -0.861611652739788 -0.841494813298701 -0.642501890588962 -0.813311087981959 -0.742277047696056 -0.557290183783449 -0.757982379940358 -0.604715138506791 -0.740335345017953 -0.565185297648378 -0.969508465899734 -0.57399504406983 -0.985876878405783 -0.794553881222486 -1.1693875237516 -0.430443036047398 -0.945996575047045 -0.807515875181727 -0.660301903606339 -0.725301272036182 -0.564333814483091 -0.993920115933402 -0.614175687628807 -1.10468406109231 -0.665909443069463 -0.898501346293558 -0.670633608330469 -0.641802197510364 -0.680675167075259 -0.640233873449941 -0.751954785644698 -0.465258774941584 -0.667595349089902 -0.68145996225744 -1.10959758216826 -0.884450502272448 -0.850737617101644
-9999 -9999 -9999 -9999 -0.871258533743352 -0.868996631566526 -0.872012762745463 -0.750054279537945 -0.83383080022965 -0.961704276092967 -0.62004117004911 -0.903588250696955 -0.697426324774101 -0.687119385107854 -0.899253330425247 -0.720547151746292 -0.894032795562771 -0.706278747593443 -0.957243937471404 -0.543215330187045 -1.07279008602332 -0.660599725202463 -0.754325898137033 -0.938704740336957 -0.858855581614671 -0.578542327207359 -0.70251040530441 -0.711354364376284 -0.706836573213154 -0.720520629398528 -0.831721929370103 -0.825586418294488 -0.80888627645697 -0.825997823222003 -0.730315793973627 -0.493676075993906 -0.917162165361325 -0.680369031163694 -0.74323303205457 -0.728728371057952 -0.800925577833145 -0.610350203440576 -0.612597126686157 -9999 -9999 -0.917737092022763
-9999 -9999 -9999 -9999 -9999 -0.927662393020825 -0.711158368264865 -0.701180110428465 -0.85874276842686 -0.718874897243222 -0.881345334671263 -0.661861668112053 -0.769348311714097 -0.607627158947265 -0.71969932999123 -0.725245726282446 -0.819177724001222 -0.551871658408876 -0.70614008695181 -0.848437826612689 -0.706551267001033 -1.03164860012803 -0.805456078853881 -0.916870541153981 -0.830295995782634 -0.754459709510015 -0.515948486776773 -0.788785766587606 -0.588055332894921 -9999 -0.895570088038437 -0.770575091351219 -0.870778292853895 -0.731459741506111 -0.852144185743096 -0.856784642469075 -0.820846323203039 -0.957229359254375 -0.671338582278944 -0.76296234286385 -0.731615360099754 -0.569048198005028 -0.857245005272874 -9999 -9999 -0.721626686261795
-9999 -9999 -9999 -9999 -0.778168539168831 -0.693429957321434 -0.906551695439182 -0.687879344658832 -0.59242025834364 -0.805636047598743 -0.735731219827238 -0.47742668849526 -0.64011324731273 -0.765135189240399 -0.943863085420395 -0.852441172975476 -0.645120656587175 -0.778931649629614 -0.658675611750622 -0.877744962215966 -0.886875107976796 -0.964590085621002 -0.83651328111815 -0.795750300742289 -0.87266047226162 -0.767802355126966 -0.719802214173873 -0.502052601974595 -0.70514211134972 -0.726194966751727 -0.741021041495763 -0.873389415236002 -0.873508467785412 -0.499315235197846 -0.706556086864558 -0.539478367526721 -0.813293890819994 -0.835648191641875 -0.802222205308402 -0.842448294532578 -0.801957480680608 -0.786007041527379 -0.539191427588864 -0.448179608231257 -9999 -0.912526735500261
-9999 -9999 -9999 -9999 -9999 -0.834929435477191 -0.653511867514085 -0.764535572818524 -0.797209746064724 -0.890385442095954 -0.817412534024291 -0.937467750257368 -0.678814270334261 -0.8647939286069 -0.881214958746654 -0.736218518525551 -0.729212441115521 -0.712931268747043 -0.694763131484195 -0.879390075805657 -0.699475772638111 -1.00260447633958 -0.926658714862373 -0.848562139379095 -0.701336132934385 -0.859791336994319 -0.797620240283145 -0.794953039808555 -0.849634515561406 -0.637353871368142 -0.763583215397258 -0.772661622402013 -0.64668609975789 -0.712002156562586 -0.702009857986841 -0.704344193353905 -0.82720256180713 -0.933198336467378 -0.485991020618746 -1.03416437481343 -0.560455339755115 -0.801814528580646 -0.506846001467967 -0.909700517805781 -0.691572761992153 -0.745734406043656
-9999 -9999 -9999 -9999 -9999 -0.368389092068393 -0.974481490769248 -0.726858622740705 -0.882246634596472 -0.848557661599173 -0.546916579650244 -0.719824674645784 -0.687768448644449 -0.696720138678664 -0.697310354629301 -0.684583839513685 -0.738289140149262 -0.6553636337496 -0.81447881965108 -0.727373390478051 -0.683433239970352 -1.11621558360978 -0.806434298158712 -9999 -0.689770385906348 -0.761684781847339 -0.724688715922393 -0.80205588365953 -0.813659095887859 -0.815987788706714 -0.566491461155869 -0.617102501707587 -0.812916464383019 -0.749736521760867 -0.841721204789992 -0.8085906428609 -0.940535984269889 -0.591779629571927 -0.924926138476009 -0.49789149228407 -0.569484231513606 -0.571450872270215 -0.684019393013504 -0.62796944540105 -1.00248588414639 -0.872219053920985
-9999 -9999 -9999 -9999 -9999 -1.02852577055974 -0.92812021899627 -0.809245021556234 -0.811684040295801 -0.761403375534509 -0.84537932988029 -0.71486844126766 -0.826401467713106 -0.597218875970315 -0.870900835276118 -0.538360150495919 -0.597897186796458 -0.742610761862258 -0.807142929150961 -0.663744564501677 -0.81476602827865 -0.616199708007498 -1.13376261440792 -1.00438779409024 -0.937284739103981 -0.769064669721309 -0.983770332969687 -1.00635149725191 -0.654874284356212 -0.708953418980363 -0.804028216361384 -0.721034821208657 -0.862268157804231 -0.788978540543907 -0.717301974378758 -0.695391414031216 -0.724824106621812 -0.800235762283634 -0.585121879295722 -0.866865770111303 -0.582265541201342 -0.54593601716751 -0.531397578189964 -0.943468705312775 -0.754790250241116 -0.671287804030027
-9999 -9999 -9999 -9999 -9999 -0.790840732132007 -0.696046516567789 -0.835673906087394 -1.11367603812645 -0.875040987585804 -0.905792632687807 -0.784607723738929 -0.837857276727005 -0.78263172337106 -0.606328185120323 -0.589019880842569 -0.508991780079464 -0.803477459879648 -0.655862492136706 -0.728415062615577 -0.701749067939872 -0.98195884454953 -0.93736175948697 -0.949017288917878 -0.831580924449144 -0.829251777612473 -0.802039445268938 -0.803450155174725 -0.718211903876136 -0.772707666001056 -0.924875746989261 -0.860810971426419 -0.719648215013795 -0.840084911615662 -0.889175112062227 -0.760772815685518 -0.746036767600028 -0.646441579824794 -0.962452673614974 -0.571254484357677 -0.730996630060563 -0.683479791208512 -0.979990683279969 -0.705783923725132 -9999 -0.775509508891659
-9999 -9999 -9999 -9999 -9999 -0.668138855703619 -0.981331022850477 -0.926271056441176 -0.754635982427067 -0.797973974366044 -0.82584743638842 -0.825420812288477 -0.771125277556517 -0.726394723366098 -0.778587373831279 -0.664237351133324 -0.846207587127775 -0.699501983164673 -0.804523050485558 -0.840441535413269 -1.15026363760349 -0.900458145737629 -0.799276673293011 -0.841532508790188 -0.747170255273915 -0.696876465595375 -1.00671468477531 -0.569887457553129 -0.709519095002458 -0.858686395645387 -0.504184916250484 -0.578315990269445 -0.739563181311129 -0.756559461151085 -0.677304556866138 -0.776858422467481 -0.741709068472784 -0.749297848233396 -0.686522878058189 -0.87149886133045 -0.626679335145967 -0.878820991764089 -0.852543483174833 -0.826767138170564 -0.869526893464381 -0.910598705908141
-9999 -9999 -9999 -9999 -9999 -1.01260442978621 -0.681936406103265 -0.996821816870726 -0.875097240463173 -0.78832228419647 -0.696726163525906 -0.673879358906687 -0.87857748460624 -0.754152172630684 -0.72964989468066 -0.804713144024603 -0.762140554725112 -0.733343564704769 -0.847109487908129 -0.694500973198429 -0.601013976062589 -0.878301510915708 -0.836756381189778 -0.576588123221011 -0.761372297635104 -0.838843262259336 -0.846836855251202 -0.613958227673072 -0.799879093783561 -1.05944216997066 -0.856063311212063 -0.766284068474423 -0.737322127302605 -0.659226612792141 -0.912184893134006 -0.776865353262963 -1.03002918876078 -0.597069564433742 -0.804108092206967 -0.893744278484835 -0.887957358958455 -0.875263472724879 -0.995348381338617 -0.913671427693868 -0.769893423353034 -0.858692704320693
-9999 -9999 -9999 -9999 -9999 -0.664219476785598 -0.623054448043006 -0.918381011330695 -0.707663397347546 -0.808949881188408 -0.834295931273901 -0.941314685218025 -0.570469121523695 -0.710000022158468 -0.772162453600594 -0.71531982406828 -0.991355587486151 -0.90154899964451 -0.784936454963334 -0.901711619661327 -0.690404564964147 -0.773408431912076 -0.922516874826275 -0.72504842491618 -0.718451480130755 -0.670654678967413 -0.609675182165922 -0.807729948396885 -0.629035632699319 -0.720214436568121 -0.814808500218945 -0.677565389374236 -0.859171166187602 -0.806751014034233 -0.725697496322592 -0.950741123083024 -0.764318869980521 -0.852386152605721 -0.490341050280415 -0.656299996446125 -0.698900843847032 -0.761977267588493 -0.731935876755476 -0.666453991006065 -1.08792004247617 -0.635398790913655
-9999 -9999 -9999 -9999 -9999 -0.608564704479358 -0.679867195538496 -0.802201256984166 -0.932255560269708 -0.73670164030227 -0.930063809931 -1.02506225022303 -0.930462226416506 -0.980985994436199 -0.671287675686713 -0.932953970943166 -0.620320942739331 -0.909173697889631 -0.73976217468734 -0.732578313510234 -0.617731461166262 -0.997233024503673 -0.640753857501633 -0.643599057231444 -0.727134780964022 -0.749754737886748 -0.747489121272986 -0.620940013640108 -0.618683833898156 -0.583418507338995 -0.671596306007796 -0.555325754605505 -0.815652627151771 -0.804810932949461 -0.891955741824275 -0.684877455265643 -0.906922956974314 -0.556184303569085 -0.819722760236301 -0.919231919039378 -0.899698722888442 -0.789373613203139 -0.638969509042873 -0.603408633543664 -0.815792126801833 -0.989088487960785
-9999 -9999 -9999 -9999 -9999 -0.64733670301584 -0.61269643180338 -0.968229965389184 -0.717437964740656 -1.01025608309918 -0.821938003879366 -0.97721810847427 -0.89561876800984 -0.848192276853723 -0.764890980354463 -0.800025754067693 -0.666775611491999 -0.792230400813569 -0.915936876731828 -0.804788523008596 -0.621707358719997 -0.875585713756191 -0.657881258757064 -0.710227323563767 -0.826806861410309 -0.942139794604453 -0.859635542778822 -0.598713342521235 -0.745146184177801 -0.617773236518312 -0.926104936956382 -0.802777699898102 -1.07861186657487 -0.573705537659973 -0.673319201344812 -0.978889318349488 -0.858231346597415 -0.949537203082269 -0.653715221363887 -0.890810135041456 -0.636414444415208 -0.606934434193902 -0.764718420316091 -0.722389707519547 -0.92034585171136 -0.794761208432782
-9999 -9999 -9999 -9999 -9999 -9999 -0.946181194133187 -0.648099567219087 -0.677003950163747 -0.906322633128335 -0.78989439646201 -0.726018293572712 -0.939814023217427 -0.930002692602766 -0.796975358720137 -0.629727724853737 -0.742701089480337 -0.718711096063363 -0.621731748703679 -0.646823296403907 -0.826174198162073 -0.705223629234059 -0.94310752339116 -0.873823435637391 -0.63830247575578 -0.80498387476741 -0.878639308400679 -1.00507931425712 -0.615526382260021 -0.879581544980094 -0.582038611711737 -0.642254886462321 -0.821863038320832 -0.602111993527816 -0.682897336078294 -0.598946538793976 -0.805361030223725 -0.722857401982359 -0.629274122048898 -0.769852030097734 -0.681111027268291 -0.628426245680616 -0.813363658148491 -0.608751460221041 -0.958984041034096 -0.769919394485183
-9999 -9999 -9999 -9999 -9999 -9999 -0.812967559109053 -0.836516474437133 -0.66266219773292 -0.779596617131039 -0.740100680674201 -0.736149123928682 -0.77366588350324 -0.829362083293588 -0.732306499184605 -0.648515721269628 -0.929843896792339 -0.772804899880763 -0.761903584062196 -0.995074622885232 -0.771596843115491 -0.885418093555206 -0.808795967374109 -0.939785002304539 -0.689255850938916 -0.614746870370776 -0.770435174542357 -0.550228521316234 -0.992821161176846 -0.68307496131073 -0.611393617928216 -0.752703919923027 -0.936045577304951 -1.02060366797323 -0.900205269373651 -1.00497722808863 -0.748946693043825 -0.944859228311673 -0.638322117567588 -0.749053646342414 -0.725603674714175 -0.798085587502771 -0.831242315235511 -0.829511575085559 -0.884917967275717 -0.575774618404879
-9999 -9999 -9999 -9999 -9999 -9999 -9999 -0.541610226375005 -1.03380645790943 -0.775791893918529 -0.705289776183536 -0.778410626872455 -0.972581917302359 -0.684378619234336 -1.09405077696729 -0.55198692095705 -0.780215487886882 -0.943232142223999 -0.936214890834462 -0.756003854966429 -0.818209865415273 -0.64197323058485 -0.985631950640023 -0.769876081190818 -0.861347641369955 -0.874333961345173 -0.733444717520633 -9999 -0.652999778383586 -0.828465170000849 -0.906450648893599 -0.664900866256823 -1.02718172100866 -0.879031968323739 -1.02004180095723 -0.689703409614158 -0.951774119589848 -0.798821436613704 -0.864854579231277 -0.697240662197849 -0.861137478431876 -0.810514894325959 -0.948589485096158 -0.609562363631027 -0.758180910659715 -0.892828091314965
-9999 -9999 -9999 -9999 -9999 -9999 -9999 -0.700687500949572 -0.865065243668452 -0.730188072128513 -0.961117395533318 -0.946134612260721 -0.624909295755597 -0.931126753027235 -0.709998313893539 -0.761005470163731 -0.646635919373097 -0.87009734241405 -0.724392176044939 -0.877131313630874 -0.902773884295735 -0.87639845693193 -0.754001478284456 -0.866898345899428 -0.785841725615128 -0.684520254079984 -0.902831700878451 -0.826389286343603 -0.807884423966466 -0.917767152809162 -0.884201025895024 -0.635525290725669 -0.848409534312859 -0.951953427397423 -0.874089810887343 -0.746809123800329 -0.612661875083559 -0.71489298660549 -0.805711601226024 -0.401215839060909 -0.784319519606309 -0.653874261579365 -0.802317202656354 -1.04511931025947 -0.669085213952287 -0.924144745604271
-9999 -9999 -9999 -9999 -9999 -9999 -9999 -0.716887965023184 -0.643500650632852 -0.557578803448796 -1.05620191852548 -0.797320272723051 -1.15994323322421 -0.632393380565811 -0.707187292050436 -0.582939247458366 -0.941367201275264 -0.629159251088723 -0.91002616213399 -0.752760814845079 -0.601607557327203 -0.823617915141602 -0.880619387494306 -0.760510916049303 -0.953875252481016 -0.832105971548117 -0.496531009488407 -0.998644443343809 -0.475913539435007 -0.912275771975976 -1.06427968469434 -0.838429671472053 -1.00694796584675 -0.777149561337404 -0.795450202046176 -0.664384843482693 -0.567494073647575 -0.971414950358497 -0.51003198950017 -0.655122699615227 -0.584982536852296 -0.700252732777685 -0.890207590121046 -0.554648907424553 -0.842675536946745 -0.840359658794183
-9999 -9999 -9999 -9999 -9999 -9999 -9999 -9999 -0.536685306189526 -0.832171186725154 -0.811694341151757 -0.956191883150787 -0.72458585570861 -0.707237119850552 -0.881788191792978 -1.06514480888958 -0.888219634912592 -0.903278966628309 -0.601077959717624 -0.723906932848608 -0.762792120703057 -1.00799987661391 -0.622998598612595 -0.830335883175365 -0.800844323744863 -0.665388800045272 -0.99552497096297 -0.657051462292839 -9999 -0.59088796427328 -0.84377757354849 -0.684035358257195 -0.874982278236468 -0.620305201965773 -1.03885718727166 -1.01731140898591 -0.852584300612039 -0.571143532579053 -0.815195621536605 -0.540914430953113 -0.778762202629426 -0.628083240977314 -0.552846212224201 -0.837386065948445 -0.872086745772459 -0.876504012149366
