Model-results/Spatial/Snakebites/Rho-Geweke.asc
NCOLS 53 
NROWS 93 
XLLCORNER 376490.070567719 
YLLCORNER 384721.488324056 
CELLSIZE 4595 
NODATA_value -9999 
[rows 20 to 39 of 93, columns 0 to 45 of 53]
-9999 -9999 -9999 -9999 -9999 -1.17630842450435 -0.849095310385944 -9999 -0.897061936259874 -0.651394190509541 -0.727648870631211 -0.884126942884827 -0.910400388501107 -0.922312824604696 -0.938643686016778 -0.870594783101861 -0.725890845267881 -0.622819094324558 -0.784069582563656 -0.48870718332867 -0.647859660879269 -0.628122636936691 -0.783933104003127 -0.615631943365392 -0.953539853156564 -0.55418212995814 -0.733025921681417 -0.91677631519842 -0.691854956834651 -1.24410293923482 -9999 -1.23287091504023 -9999 -9999 -9999 -9999 -9999 -9999 -9999 -9999 -9999 -9999 -9999 -9999 -9999 -9999
-9999 -9999 -9999 -9999 -9999 -9999 -9999 -0.680721954229295 -0.998095483753427 -0.581153979950585 -0.840510678266573 -0.568341700422832 -0.905869876438691 -0.769015523897186 -0.936964110227097 -0.839530225016598 -0.94512874229879 -1.0800483967831 -0.633043928667388 -0.742083603222434 -0.800982931195352 -0.743893169078706 -0.441875349183829 -0.908738641076571 -0.686418085178251 -1.01791423990973 -0.585687175625902 -0.685264717626765 -0.66553196032867 -0.816394630208901 -0.722619481366416 -1.21832603221666 -9999 -9999 -9999 -9999 -9999 -9999 -9999 -9999 -9999 -9999 -9999 -9999 -9999 -9999
-9999 -9999 -9999 -9999 -9999 -9999 -9999 -0.485598293825149 -0.572570660361775 -1.0096092848989 -0.470382158840165 -1.08424962688994 -0.922339216746728 -0.753945011113853 -0.847346959800036 -0.591422176797695 -0.853877847119615 -1.00358893705506 -0.969826786105535 -0.484008759016356 -0.907046475354193 -0.891070793053066 -0.671823731579902 -0.597687559726668 -0.655903908504989 -0.650651516784762 -0.786065801607599 -0.707447026955129 -0.525663620682779 -0.886195844057806 -0.802003240800289 -0.906103231627258 -0.813538155864584 -9999 -9999 -9999 -9999 -9999 -9999 -9999 -9999 -9999 -9999 -9999 -9999 -9999
-9999 -9999 -9999 -9999 -9999 -9999 -9999 -0.59397918197676 -0.897346059419674 -0.576506988607044 -1.15410849825919 -0.612941973920378 -0.793529305338076 -0.659195466734809 -0.55591747646036 -0.992102924368105 -0.907792996330433 -0.797774520221675 -0.764532959507175 -0.834008846438668 -0.748441645641461 -0.671627838856545 -0.694634044317848 -0.651241347085427 -0.788611038860123 -0.688423171706261 -1.01871605625348 -0.763157573295693 -0.825080854643249 -0.690063818094365 -0.610032900469737 -0.950146469826724 -0.371132553185235 -1.02004423731747 -9999 -9999 -9999 -9999 -9999 -9999 -9999 -9999 -9999 -9999 -9999 -9999
-9999 -9999 -9999 -9999 -9999 -9999 -0.591540547873535 -0.709834302127519 -0.537179616650778 -1.0696954214718 -0.568233993095343 -0.922307028463348 -0.884088716036743 -0.812931861182901 -0.899956959518329 -0.503393301094947 -0.795696358719975 -0.892640450288871 -0.8530616051055 -0.765077915303871 -0.786933156979333 -0.846043413570596 -0.771264731845449 -1.03896077773606 -0.721756752535794 -0.823434357979004 -9999 -0.605105355921264 -0.894090115045279 -0.668762308765192 -0.54627649281676 -0.498246626896553 -0.534932295338664 -0.466574670345389 -0.538343179216763 -9999 -9999 -9999 -9999 -9999 -9999 -9999 -9999 -9999 -9999 -9999
-9999 -9999 -9999 -9999 -9999 -9999 -9999 -0.393362810370536 -0.998383970722197 -0.519008609550016 -0.953778655384681 -0.861027906180802 -0.626320233260453 -0.928829666226854 -0.816588689002196 -0.690517223910881 -0.617878651710309 -0.653716182241415 -1.09237762236978 -0.836150307438646 -0.982645825421562 -0.697697174237893 -0.998375176500062 -0.602771469511966 -0.702747091761185 -0.808178749159133 -0.932250883378522 -1.06302425120756 -0.690438567130482 -0.802805151170535 -0.658157711961734 -0.793223400943549 -0.622614517723183 -0.864070088817716 -0.727809208995251 -9999 -9999 -9999 -9999 -9999 -9999 -9999 -9999 -9999 -9999 -9999
-9999 -9999 -9999 -9999 -9999 -9999 -9999 -1.07347273081656 -0.933839925938291 -1.02365910196415 -0.568681254439527 -0.715110842650865 -0.733696006562934 -0.850850901773032 -0.786049353789967 -0.744455099244619 -0.784455211241696 -0.601764802254678 -0.784545711961971 -0.867775933001334 -0.797193990335105 -0.552234241381786 -0.756811477189454 -0.974963244744194 -0.882110590937118 -0.676400372923235 -0.652371760094831 -0.651593890082447 -0.977016988395303 -0.860756622242487 -0.951852122069229 -0.676024327512212 -0.932704753291841 -0.650321940876876 -0.901513353297762 -0.604853410157448 -9999 -9999 -9999 -9999 -9999 -9999 -9999 -9999 -9999 -9999
-9999 -9999 -9999 -9999 -9999 -9999 -9999 -0.496352754500325 -0.72289411781312 -0.567261215805551 -0.890881193614033 -0.703830223972767 -0.569401771150159 -0.765548197414462 -0.725977814054574 -0.86271595535334 -0.856207058149417 -0.978818234932595 -9999 -0.730530784659122 -0.904206799728947 -0.828582914607432 -0.996459450503362 -0.753753731084394 -1.14185158059278 -0.726481576425163 -0.699486381632886 -0.613789555846881 -0.810119568560166 -0.742206824039876 -0.753256694406948 -0.726910858691199 -0.698632932702559 -0.653191069043471 -0.902350758487476 -0.796560401126743 -9999 -9999 -9999 -9999 -9999 -9999 -9999 -9999 -9999 -9999
-9999 -9999 -9999 -9999 -9999 -9999 -9999 -0.717960135854093 -0.905275201293748 -0.843479413080958 -0.581238709577056 -0.98892698000046 -0.536890743873639 -0.696193809054207 -0.644889238799882 -0.619002369259566 -0.58540914793858 -0.957543949890828 -0.923730504351309 -0.895891865030135 -0.517410065332342 -0.907407439124012 -0.682217356146943 -0.740478962592243 -0.834783115686602 -0.903176298820866 -0.598576892157194 -0.862677728773846 -0.809162537003381 -0.775835556557557 -0.522316174805533 -0.867692369310278 -0.512155526761441 -0.597493315651116 -0.797580084306814 -0.444204694019221 -0.621357999427776 -0.866026031151129 -9999 -9999 -9999 -9999 -9999 -9999 -9999 -9999
-9999 -9999 -9999 -9999 -9999 -9999 -9999 -0.663959741160818 -0.944539755397546 -0.800173852814619 -0.730254852210112 -0.462791714616528 -0.860484288235619 -0.420652062572321 -0.806313147318915 -0.878848416704404 -0.884890815533701 -0.8521007797951 -0.917311047742864 -0.724127380422102 -0.875906068661105 -0.836223325195235 -0.779438268469573 -0.588834458874096 -1.06989531196512 -0.626915178110823 -0.951399542579816 -0.652291001674925 -0.851545550430682 -0.59223177773114 -0.854951464606671 -0.389933525368025 -0.943949367876201 -0.815291181077167 -0.59547473520207 -0.6378257858307 -0.583646803563087 -0.593461285238438 -9999 -9999 -9999 -9999 -9999 -9999 -9999 -9999
-9999 -9999 -9999 -9999 -9999 -9999 -0.837772735694296 -0.819534368107081 -0.890195904582421 -0.699239940856059 -0.59142165961164 -0.900503778281844 -0.492971388048535 -0.896498777082342 -0.655050972493352 -0.848484666951616 -0.742604193109467 -1.03136754066708 -0.602878165939297 -0.919348305967118 -0.594152359128995 -1.09878034483258 -0.835962077045653 -0.814207063631885 -0.666841266688334 -0.764787879298954 -0.612436362766883 -0.791220747895606 -0.726483702173139 -0.776409103726802 -0.6357382303289 -0.740254288688195 -0.52800525161452 -0.839273568910887 -0.707437980976957 -0.481567930725621 -0.639189558445967 -0.587052209639238 -9999 -9999 -9999 -9999 -9999 -9999 -9999 -9999
-9999 -9999 -9999 -9999 -9999 -0.578132170435168 -0.877388350720428 -0.603437002522968 -0.947143057856621 -0.809256229064311 -0.871891389584071 -0.798305599800566 -0.815265492720739 -0.566773107484372 -1.14185366439771 -0.903543240184116 -0.848374169048376 -0.910632047105246 -1.00444210130559 -0.799154758616003 -0.72615253514417 -0.533290629197856 -0.966211471912591 -0.771746970634937 -0.644053462791669 -0.978207468725011 -0.73324056203618 -0.820735831702613 -0.588240180715933 -0.409822288086919 -0.935576213023592 -0.543395607805143 -0.784044049509418 -1.03642464754862 -0.882579833107435 -0.708793755054781 -9999 -0.70547814982432 -9999 -9999 -9999 -9999 -9999 -9999 -9999 -9999
-9999 -9999 -9999 -9999 -9999 -0.822149501614621 -0.845836275203384 -0.851946042675343 -0.639595224225494 -0.976076665203723 -0.51182415439044 -0.76036082058999 -0.75675322216061 -0.73744948695696 -0.723081136641184 -0.761454042157814 -0.572686174999797 -1.1763861066702 -0.703294274147955 -0.830109546149847 -0.557649616981295 -0.839763813929727 -0.766790079906648 -0.681711443443009 -0.873298507824201 -0.493918708172822 -0.837674368655468 -0.743373457225604 -0.671791996888667 -0.678433125672271 -0.788233654543114 -0.678156946756229 -0.852547830368887 -0.708933696701795 -0.523273543497316 -9999 -0.721610737681716 -9999 -9999 -0.747669856927904 -9999 -9999 -9999 -9999 -9999 -9999
-9999 -9999 -9999 -9999 -9999 -0.644977633612868 -0.876436255946563 -0.603371008190419 -0.853852163932427 -0.649746280045943 -1.06060792028324 -0.688001747583669 -0.62279349506899 -0.923287615537436 -0.663018834958659 -0.908570889772392 -0.588533232795928 -0.804850075510019 -0.926492721644679 -0.630636684019825 -0.852561147388156 -0.628416798984276 -0.681973764718644 -0.732793726733429 -0.790665970072701 -0.759086782165978 -0.820386140373635 -0.723483433923352 -0.830965933428852 -0.477080337503444 -0.547394725242724 -0.653086661783117 -0.620690859101508 -0.726536511837287 -0.937177617000229 -0.759463766857099 -0.718240354780734 -9999 -0.917194874018265 -0.501064199110601 -0.91489147326855 -9999 -9999 -9999 -9999 -9999
-9999 -9999 -9999 -9999 -9999 -0.793642996455702 -0.711400670162026 -0.934924634367853 -0.809257141720708 -0.817756636564913 -0.71837532981602 -0.668390903870132 -0.852295732456819 -0.709926234790979 -0.872787362584753 -0.818238422847609 -0.631689123782865 -0.663500713032624 -0.781763307356383 -0.58907620295144 -0.832383945729607 -9999 -0.460589958606039 -0.838549542840137 -0.646172845568672 -0.656791627119992 -0.769641472979253 -0.921836071789462 -0.764054947606098 -0.667277428654238 -0.696135822691955 -0.907380393165218 -9999 -0.713464379693565 -0.595961976831715 -0.789124044741617 -0.720589324166937 -0.911611966738015 -0.645331726296687 -1.13687853699335 -9999 -9999 -9999 -9999 -9999 -9999
-9999 -9999 -9999 -9999 -9999 -0.655226146931474 -1.2747250606316 -0.705475730900259 -0.82792212715441 -0.616925676020211 -0.487227896699385 -0.746146804624182 -0.573598807769233 -1.02582707167791 -0.701271369140599 -0.564090690142176 -0.695206972465512 -0.748361060852146 -0.694624300738145 -0.750202048835708 -1.01608828294432 -0.812325232315233 -1.12613906970952 -0.830414942849365 -0.632501329290397 -0.781536225782879 -0.487932217454497 -0.861600954835235 -0.685560907344231 -0.828820174490396 -0.610733356975817 -9999 -0.861863562477641 -0.754125198399961 -0.855492033710979 -0.590429451787547 -1.00242297310537 -0.876250071037392 -1.00463429782112 -0.675797499069046 -0.981821275435046 -0.695290627075794 -9999 -9999 -9999 -9999
-9999 -9999 -9999 -9999 -9999 -0.613553135313327 -0.945746605838852 -0.857291011756363 -0.908504836435321 -0.579703307953772 -0.92981769332973 -0.621898399932559 -0.764695002354859 -0.55927878241163 -0.900807280881286 -0.547192426282359 -0.601711203081707 -1.02153070710665 -0.873058321724718 -0.923114747377901 -0.665494840426614 -1.02915974868919 -0.579571777726105 -1.09803717702999 -0.792948620304415 -0.759953072990903 -0.61955264293152 -0.761345595221368 -0.600012443559404 -0.749124636004124 -1.04275222882151 -0.915994235863719 -0.982002361685745 -0.962327005237014 -0.690426230071219 -0.88445621911947 -0.79682124741952 -0.971066039309243 -0.809814940408665 -0.914499687139335 -0.600092626669659 -0.948772963087125 -9999 -9999 -9999 -9999
-9999 -9999 -0.623156471330645 -9999 -9999 -0.582373472446553 -0.700696233367019 -0.65671000376454 -0.447128176908244 -0.816461078671007 -0.688353620605962 -0.789358048136676 -0.839027328642185 -0.78272093296402 -0.712448266083593 -0.771382423342992 -0.896708968704064 -0.883317867216138 -1.03578036736561 -0.803285178245973 -0.751417404118848 -0.990814254439188 -0.933554453151976 -0.932448972387439 -1.04583302520984 -0.863836682057311 -0.729174030751063 -1.06383452751875 -0.798938073331907 -0.800422258337812 -0.770862412529122 -0.732492907592989 -0.920325653838142 -0.853418250895147 -0.64988211691749 -0.889274935215944 -0.939235867541271 -0.742015253050313 -0.840751826419767 -0.54437203743899 -0.822627779700422 -0.531205104954398 -9999 -9999 -9999 -9999
-9999 -9999 -0.363122908015434 -9999 -0.265590065772392 -0.71660256788519 -0.660767363907079 -0.577156700832326 -0.763501906775127 -0.684261449721316 -0.609990006973425 -0.911352194208372 -0.802438112381537 -0.615727401746435 -0.923365441263682 -0.717493089147123 -0.907444062885835 -0.87557328191424 -1.17325409938757 -1.14918773073935 -0.618431727808339 -0.941099819411641 -0.760482476632884 -0.930729701002729 -0.826259364495545 -0.689296634747873 -0.936448229969126 -0.733211925695063 -1.12320231895906 -0.629423078727973 -0.538457284694479 -1.05028895816123 -0.41679122055669 -0.73374104920403 -0.815986543968977 -1.02586825756492 -0.895977232914919 -0.925285564554715 -0.755024696096956 -0.556702463794348 -0.844468031498643 -0.481806599739896 -9999 -9999 -9999 -9999
-9999 -1.00060870117757 -9999 -9999 -0.557944143445642 -0.812942644564391 -0.662550712570624 -0.764282150598684 -0.627286024914942 -0.654375875859105 -0.427121875202712 -0.833035311607489 -0.701431138788396 -0.835354516294846 -0.733231972313667 -0.877842504216004 -0.839155955884913 -0.957545609946449 -1.03107444288129 -0.987211753175237 -0.863615785366678 -0.89751647712246 -1.2300231273888 -0.917872413577701 -0.951866643120242 -0.692308836949586 -0.603350608012156 -0.905802015100205 -0.730398400888323 -0.944013541062111 -0.889148844212965 -0.626747200484547 -1.04612066117625 -0.759399193310557 -0.77988715613342 -0.612976584912409 -0.920465342264547 -0.896080704423254 -0.733730075024115 -0.574552764543615 -0.752985290020719 -0.634138526175171 -0.738391028936139 -9999 -9999 -9999
