Model-results/Spatial/Snakebites/Rho-Geweke.asc
NCOLS 53 
NROWS 93 
XLLCORNER 376490.070567719 
YLLCORNER 384721.488324056 
CELLSIZE 4595 
NODATA_value -9999 
[rows 40 to 59 of 93, columns 0 to 45 of 53]
-9999 -0.885081273277597 -9999 -9999 -0.541822114387748 -0.35884366043085 -0.769027999300932 -0.433871395161918 -0.648445634174618 -0.544094465431117 -0.906292198809967 -0.59450358943412 -0.875071396392799 -0.892158885565234 -0.984613520337626 -0.645249627329965 -0.894016446499298 -0.710406089228229 -1.09185981986611 -0.801800797741864 -0.901618142765172 -0.899099870751743 -0.880685130684591 -1.00256841978788 -0.776183481334324 -0.705308875674274 -1.12875870551789 -0.678840938325772 -0.86965328978889 -0.912434439281627 -9999 -0.868821969283046 -0.630308927824246 -0.730956075377768 -0.571044285848755 -0.974999510317732 -0.575015960621881 -0.934634444926563 -0.669625818970814 -0.65232763599322 -0.706218158462404 -0.776153637324979 -0.919039556611879 -9999 -9999 -9999
-9999 -0.640062629637021 -9999 -9999 -9999 -0.835294306599889 -0.681009867853098 -0.847408705782219 -0.662739435183867 -0.717103178390157 -0.523720673736479 -0.754996837681932 -0.607487607047966 -0.817777794149935 -0.740911589449406 -0.888158192370334 -0.687765826139064 -0.822427144686427 -0.811470590161819 -0.981687724590401 -0.845695212964224 -1.05892730277626 -0.922449323252953 -0.788779704334157 -0.760514563751037 -0.861352736992336 -0.700197811712601 -0.77600289519692 -0.657362670178058 -0.737949443351444 -0.809897419561082 -1.02282365894975 -0.831346040907878 -0.720803899808679 -1.0078671288218 -0.545899513740656 -1.11131329187147 -0.682835028843944 -0.738076922738046 -0.594416402090164 -0.636050736917021 -1.05103570580792 -0.681405356336592 -0.792212506522532 -9999 -9999
-9999 -0.708877640491357 -9999 -0.660024100231489 -0.579932309284784 -0.495598772959662 -0.894109467500414 -9999 -0.74889226861788 -0.658397673702132 -0.812492707183957 -0.667814438468602 -0.620716959141794 -0.524074599289573 -0.861276668380039 -0.743163815532511 -0.911076298251593 -0.831372674934621 -0.747414394364237 -0.827259201630664 -0.864900400667285 -0.919525187596746 -0.746676342307368 -0.706443557524873 -0.787306073021156 -0.644776548881141 -0.828049237314757 -0.621123316254888 -0.744886349621871 -0.646967413068895 -0.956611210424204 -0.80474866418353 -0.74814753706408 -0.967156114423803 -0.934462008921403 -1.18442627504055 -0.82397457921079 -0.479291969036361 -0.676031809033377 -0.703716425124387 -0.807121463333472 -0.78536030233665 -1.110477193807 -0.866961328132177 -9999 -9999
-9999 -0.747187588328555 -9999 -9999 -0.593917948873692 -0.68571182018897 -0.632053178444195 -0.720603014271614 -0.710284592590936 -0.651809231387859 -0.687700131780603 -0.891436488561113 -0.82303880704123 -0.741944292816475 -0.637206755589639 -0.780666479311987 -0.782721939149287 -0.890570408023508 -0.667119849680075 -1.02676064962332 -0.736037574377184 -9999 -0.825770363042238 -1.12551630837804 -0.544099361891789 -0.872966751488187 -0.520151960707639 -1.02645432687425 -0.754301941475524 -9999 -0.835250606081025 -1.04162560378105 -0.922132810898524 -0.800189646917557 -0.840276708136664 -0.55428365318412 -1.03109939998939 -0.522948799595182 -0.575940192085513 -0.818211714983903 -0.715972132340723 -0.769225862683699 -0.633217579446083 -0.826325686467948 -9999 -9999
-9999 -9999 -0.592023890564951 -9999 -0.579580734332456 -0.578755321682508 -0.661777517480821 -0.575569344967881 -0.719939754348551 -0.510506973479651 -1.06649804316045 -0.822839408735238 -0.836398432872056 -0.618446280218333 -0.721193395879331 -0.686419404024371 -0.761208972550109 -0.792691063171154 -0.727025274182054 -0.590611351904943 -0.807933143195421 -9999 -1.08568290080996 -0.864770626083025 -1.39219006896808 -0.575150183018758 -1.07200343348026 -0.639977948445201 -0.762293917633914 -1.02173442953547 -0.817339934868555 -1.12929034102349 -0.997090567784714 -0.844215130605319 -0.719963636843859 -1.11611685594292 -0.757456572901451 -0.762161036477208 -0.84805853444043 -0.823987144438028 -0.833014434930093 -0.614188622213667 -0.941807976400299 -0.702490130581905 -1.25585091934321 -9999
-9999 -9999 -0.969842702508918 -0.635655185338859 -1.01834777303346 -0.840313587628659 -0.734270610555845 -0.595512396746665 -0.656872874107791 -0.744001923378559 -0.679228162544587 -9999 -9999 -0.746132592135985 -1.1372853229698 -0.531948102884427 -0.799330799691752 -0.685354540286401 -0.962891074373653 -0.962408350391613 -0.938531633132811 -0.553637099555475 -1.04469879548025 -0.750021794029712 -0.706124052856017 -1.00982049460327 -0.696695807523917 -1.0815456618321 -0.74240443471769 -0.709159440562884 -1.09532171460258 -0.69697838859906 -0.938666871238304 -0.715864712696861 -0.744942863152932 -0.392790523626108 -0.988275691486327 -0.622879141225498 -0.575087752008079 -0.78721961209591 -1.02123408793034 -0.757650675816568 -9999 -1.0435906691187 -0.966884176675426 -0.667758611376605
-9999 -9999 -0.603800273057413 -1.31496646581967 -0.603135664804702 -0.855936522314255 -0.592343742405071 -0.674550911454358 -0.60605780541074 -0.727754514145718 -0.685271832882425 -0.72209697364228 -0.856754912301302 -0.713271972487302 -0.830842814913804 -0.622425535396813 -0.81366353057629 -0.830652710090737 -0.416610510684793 -0.881177862177482 -0.820734765742909 -0.824225002907781 -0.561872466687044 -0.734649516869937 -0.756659054570565 -9999 -0.69446377857284 -0.858180947755413 -0.844933840920952 -0.88619854135621 -0.793826388733749 -9999 -0.977020471183547 -0.889730669793231 -0.625303336104264 -0.837691390826437 -0.627145955388768 -0.743563833593688 -1.09651527377884 -0.85530033758681 -0.412423792095693 -1.20648422246359 -0.781029337636125 -0.791114747819591 -0.899713282549511 -0.975697483165929
-9999 -9999 -9999 -0.657544480521525 -0.539502818387212 -0.662969474527265 -0.814979234535261 -0.666081952832287 -0.736763928901509 -0.65442026208114 -0.944894870556656 -0.784319707035839 -0.927731945019175 -0.50038990915803 -1.08344435143605 -0.80352961448987 -0.762859015990702 -0.65127238507129 -0.670559094674045 -0.616818542592977 -0.800404071925622 -0.535244398975008 -0.723167087153385 -0.705948719286249 -0.801263861182315 -1.04152515960659 -0.78692254206861 -1.10750271838285 -0.860968708808366 -0.839103112311244 -0.796877882537603 -0.784165547317621 -1.00762718970543 -0.890599525371156 -0.861955658971212 -0.685029830783162 -0.734740293115545 -0.648746148063981 -0.728826214746848 -0.547755929954867 -1.17064690120246 -0.803658532457347 -1.03880498842536 -0.836057275063595 -1.04083787709352 -1.23540652832639
-9999 -9999 -9999 -9999 -0.635699406536887 -0.595631237940456 -0.555341098955089 -0.743437342831359 -0.704255605976427 -0.814218325850984 -1.10257791170499 -0.816426201322089 -0.638452224490643 -0.732699957079061 -0.79795613083025 -0.853542629656897 -0.645304754774718 -0.850392058627974 -0.783708433486861 -0.619521982237037 -0.769248515194767 -0.644905134625168 -0.749146692991807 -0.829910294198478 -0.762387998550152 -0.734200846241491 -0.882131330470887 -0.93892148246123 -0.599755874538853 -1.02776685119227 -0.904263017937109 -0.958660978194448 -0.556245168395491 -0.671998532508472 -0.573308418542773 -0.783057303847752 -0.738016851030224 -0.637434365853933 -0.669304910298201 -0.925607084555466 -0.506557691771136 -0.970037220191801 -0.971616226551928 -0.920504506461733 -0.857715247134933 -0.91101099730779
-9999 -9999 -9999 -9999 -0.926758056616983 -0.646279593468247 -0.967997330500508 -0.71240699570296 -0.983010888273324 -0.647212370393088 -0.590300844970291 -0.76318975350307 -0.934260443138558 -0.565895856458084 -0.751697933651572 -0.791633000913916 -0.716393229104685 -0.668768545029876 -0.785087828985216 -0.780908270922959 -0.636996808264088 -0.674154124134213 -0.795424590876839 -0.781673963647671 -0.792962316283458 -0.741921633667862 -0.891460229827833 -0.743972318038829 -0.766351652880876 -0.920560480175295 -0.833041444089545 -0.837012230744575 -0.767948400042445 -0.542467365222765 -0.657690154754306 -0.636557563803154 -0.707694179870795 -0.55150031933765 -0.691168509590882 -0.411901205691937 -1.03887119701879 -0.652302944263715 -0.926560383832924 -0.611835715755134 -1.08549357944438 -0.79933782196627
-9999 -9999 -9999 -1.35946455197529 -0.878033448285499 -0.941746187060854 -0.946759811483974 -0.824525445061601 -0.80800154941672 -0.9009448360099 -0.868992004981516 -0.770854416614856 -0.915097638346017 -0.918119699027774 -0.691182496094428 -0.704973009897451 -0.695822946955 -0.839297169659292 -0.791446459198288 -0.610833308768155 -0.706406118561071 -0.589827176545238 -0.978847171133924 -0.79897567881498 -0.731104489151656 -0.739551806968492 -0.933441298555649 -0.739644487179265 -0.618204709867974 -0.749784023843415 -0.730145077170143 -0.718479240887652 -0.795098182539197 -0.645790863032442 -0.641115573953559 -0.690518013443868 -0.829726676359504 -0.815128166505363 -0.506239425931303 -1.09220082787713 -0.567511181718892 -0.880513387395842 -0.629201055890591 -0.990731297185228 -0.832996346334735 -1.06585251260678
-9999 -9999 -9999 -0.571332407722055 -1.0323894611292 -0.658617924975402 -0.82759193188258 -0.860023620951206 -0.949047117579831 -0.650231130308521 -0.588083145219686 -0.789164038481025 -0.781589211117215 -0.998029590103807 -0.622352116157487 -0.822874071247305 -0.658304896974277 -0.796646550819063 -0.811822102288393 -0.809067094815987 -0.612238012016177 -0.653856109873132 -0.595336608970841 -0.691800559619083 -0.788270507339214 -0.709625262253591 -0.478623296722349 -0.963681292549163 -0.753369092543839 -0.856262102064178 -0.963900918412247 -0.752214600626221 -0.996094371925882 -0.742873766424927 -0.638620234015871 -0.793015504929329 -0.658871011828889 -0.609329252739268 -0.70351868409213 -0.391127377816866 -1.03604942298243 -0.706962368873286 -0.906509386962107 -0.783353051430584 -0.889688661156938 -0.84589061413907
-9999 -9999 -9999 -9999 -0.794567020202783 -0.677962853210353 -0.948433105830254 -0.964433564842983 -0.673551008044553 -0.753517437330963 -0.868744026036725 -0.60847377410051 -0.618658577526953 -0.883431267740009 -0.729538648786781 -0.675113599778755 -0.641202417286358 -0.984239140843942 -0.739922270933379 -0.818071221193126 -0.802596108914594 -0.720089636265824 -0.825996723598148 -0.781428304655802 -0.82713716838606 -0.780451996362954 -0.862503123991973 -0.642813212816469 -0.911669859003139 -0.606576368624794 -0.722760747046561 -0.950621140483106 -1.0017112919996 -0.681007911028829 -0.80985971884696 -0.725694349989223 -0.903301872823971 -0.671159554315587 -0.295161091572774 -0.768254470857177 -0.684622702826801 -0.953530440912507 -1.01558147957218 -0.905700145779994 -0.933867499651343 -1.11960150353425
-9999 -9999 -9999 -1.00072146558466 -0.779259706462752 -0.824209431123494 -0.974205184695337 -0.657958528284999 -0.484873706992985 -0.928365059092595 -0.981473234418133 -0.65428479432515 -0.802686439122544 -0.775841503461735 -0.769056690416748 -0.862934635098681 -0.920305867961764 -0.897089674677226 -0.780174603066899 -1.06451657891267 -0.788997369917122 -1.12885652431649 -0.674141115494275 -0.90021580360623 -0.84891658533889 -1.14379288940833 -0.586273910108073 -0.581214725533081 -0.778701570194682 -0.677003265534924 -0.762361761183375 -1.01176438828376 -0.557269282224635 -0.946985068391178 -0.534196829657959 -0.654529774795097 -0.67160304647246 -9999 -0.603136492814617 -0.511226843516806 -1.08131418462339 -0.816937396422693 -0.791449842783236 -0.82062776067487 -0.856831897376343 -9999
-9999 -9999 -9999 -0.639907084336867 -0.583407497424564 -0.813989629706003 -0.67555092214661 -0.698695984950287 -0.659512356705868 -0.784198180395717 -0.921440137887137 -0.631499639803808 -0.895238247563417 -0.823434668284452 -0.890262110511725 -0.67930284872132 -0.726772692703569 -0.961400883042102 -0.615425474853983 -0.835560571006951 -0.837017081006358 -0.727086206128468 -0.950727894728817 -0.864273735152902 -0.777434108356924 -0.884576389091182 -0.779083255307656 -0.617026127165688 -0.806305492402845 -0.75335628528677 -0.821927991729994 -0.745548432054388 -0.79501649093065 -0.681431337748725 -0.797123372636026 -0.716462559977146 -1.11148823548446 -0.889330681346539 -0.819363759225153 -0.700700196034908 -0.844357477858969 -0.721853779163867 -0.933538436506948 -0.844634805008544 -1.1098246862353 -0.958561762173947
-9999 -9999 -9999 -0.52617851258788 -0.619815078053898 -0.589222911817648 -0.857742537861628 -0.639132755446938 -0.84566001710598 -0.675752379523342 -0.821314641540454 -0.841969039847344 -0.686877190424317 -1.01462159100681 -0.732790825297653 -0.742732077946516 -0.944030275161772 -0.721073653060515 -0.722535286073674 -1.1180274679187 -0.797957537676348 -0.912943808082362 -0.788249709596569 -0.687639897566881 -0.799801926232555 -0.807627759187787 -0.891725479556056 -0.690788412403443 -0.687045084113139 -0.6411896196629 -0.495160052868405 -0.936445280239867 -0.814052246531504 -1.03180312257734 -0.876589674002006 -0.917195287503825 -0.791099597978489 -0.505273570939394 -0.696202648162116 -0.437333620572817 -0.835187119491384 -0.672275893062909 -0.699755626000553 -0.703751263382952 -1.08368165460855 -0.853284461780388
-9999 -9999 -9999 -1.01267527807851 -0.833754691768817 -0.895370829863249 -1.01599678846015 -0.815563903451984 -0.701838497695046 -0.904355185644306 -0.825647064893812 -0.902829133377024 -1.08447007517365 -0.600487267775556 -1.02439065916882 -0.682785088267726 -0.691069098241446 -0.837622455651231 -0.672215762527316 -0.736249985569188 -0.72800392024738 -0.709127737166422 -0.750750687618056 -0.616535034345822 -0.593422923372607 -0.763962312822956 -0.774601451157197 -0.635249646651056 -0.699492344665824 -0.664855212609229 -0.912546931772031 -0.792272028033285 -0.805984778708634 -0.717307540880567 -0.927474007185182 -0.760459606272244 -0.629199978446685 -0.734039068527881 -0.686063103601006 -0.83564679469697 -0.928184795879205 -0.855112513682606 -0.991843670478323 -0.696672558764564 -0.779037130059675 -0.675901753388501
-9999 -9999 -9999 -9999 -0.502681405580294 -0.874178048470659 -1.05290827409969 -0.696698345494652 -0.767552537595097 -1.0071916200172 -0.745031456432898 -0.902073864350861 -0.602117588306924 -0.735100139664449 -0.605289676398036 -0.993448037076077 -0.86718463117163 -0.799331234105345 -0.916716605061664 -0.708278447770011 -0.794218769850864 -0.683030481539784 -0.6925971156728 -0.783883689275538 -0.857443476127353 -0.872691048268792 -0.796620878368203 -0.747808857999422 -0.842957872022061 -0.942458246216997 -0.697863587043282 -0.968801864118007 -0.838108115927497 -0.760622109162079 -0.757613508280424 -0.812304094762184 -0.6270622897 -0.91051617452652 -0.775931359506324 -0.782942917813569 -0.817137960095576 -0.782065913626846 -0.639068652243452 -0.92780331494494 -0.876330278844453 -0.948693198778065
-9999 -9999 -9999 -9999 -0.874930339481627 -0.687936316799943 -0.75703217154409 -0.710898676393587 -0.742097948094137 -0.947813756944553 -0.764356846693208 -0.58192375440357 -0.914518968684256 -0.678722947230361 -0.813088724551632 -0.931714706249196 -0.92944276460574 -0.699766566486157 -0.737185274242903 -0.618307607615035 -0.750656371048318 -0.808742337796119 -0.993328722642315 -0.69462632946011 -0.735882235933701 -0.894476988562961 -0.746344304676172 -0.620422072316113 -0.960001338788615 -0.737473169702154 -0.720204076240931 -0.91480719947823 -0.859451241699934 -0.828093272643351 -0.771430670930854 -0.966955591305029 -0.60205903795332 -0.621457286742812 -0.828797725880696 -0.622639294109637 -0.741413018665493 -0.607657399026298 -1.03630800255272 -0.625113865211341 -1.14465444676197 -0.683919903093773
-9999 -9999 -9999 -9999 -0.84174027086155 -0.546980746695463 -0.806498700413955 -0.916141666179789 -0.918989512125922 -0.667076857629447 -0.61584312645131 -0.669307335506436 -0.715560770730288 -0.787156860431928 -0.730524284285966 -0.645802651273003 -0.789503998124026 -0.815746175682946 -0.674688189525363 -0.708301424321532 -0.621830463585452 -0.789075821621133 -0.830276323411981 -0.861488246752198 -0.934036732136421 -0.993613081455026 -0.785519181196676 -0.95171396332298 -0.85870520076195 -0.929358607544967 -0.865937111942742 -0.810436042006939 -0.845419636019111 -0.622262217230537 -0.919281299440141 -0.680024860027542 -0.610323192409751 -0.641632879806811 -0.703317764812058 -0.719407630545503 -0.814772598038391 -0.800574327771573 -0.585142032062097 -0.9110955711149 -0.662550646881714 -1.14102344897831
