Model-results/Spatial/Snakebites/Rho.asc
NCOLS 53 
NROWS 93 
XLLCORNER 376490.070567719 
YLLCORNER 384721.488324056 
CELLSIZE 4595 
NODATA_value -9999 
[rows 20 to 39 of 93, columns 0 to 45 of 53]
-9999 -9999 -9999 -9999 -9999 0.158465255069459 0.460663188478781 -9999 0.0698829697231806 -0.160845330310437 -0.0911382803165899 -0.168351123022239 -0.148451902304309 -0.182029135819135 -0.170091009843496 -0.188508444689546 -0.174748722863211 -0.176277292384683 -0.178638484756546 -0.19176832575145 -0.184907042319318 -0.1692511241876 -0.171576146233421 -0.153495069052451 -0.180976843533189 -0.147292688661949 -0.197594399078714 -0.145723007714672 -0.220151611268029 -0.133037539554807 -9999 -0.081111285254926 -9999 -9999 -9999 -9999 -9999 -9999 -9999 -9999 -9999 -9999 -9999 -9999 -9999 -9999
-9999 -9999 -9999 -9999 -9999 -9999 -9999 0.0717130137781127 -0.136728560669381 -0.0366763324325425 -0.156910634670553 -0.118294161567625 -0.164994001157062 -0.151299568337277 -0.18573905225689 -0.163210670249595 -0.193039882334209 -0.20090369348556 -0.216773567699878 -0.18621498081289 -0.197943777673828 -0.18569476058332 -0.158754880284948 -0.168357528654685 -0.148564033831471 -0.164573491493987 -0.115066822464242 -0.197611079763602 -0.138528730566036 -0.200207826021069 -0.113058972016602 -0.244689418507259 -9999 -9999 -9999 -9999 -9999 -9999 -9999 -9999 -9999 -9999 -9999 -9999 -9999 -9999
-9999 -9999 -9999 -9999 -9999 -9999 -9999 -0.186975834195139 -0.0457502260716401 -0.131451738554461 -0.0880188152220147 -0.153129522527572 -0.130041058077248 -0.172063854328774 -0.15857596932312 -0.200261695985891 -0.186379143909383 -0.213409050485204 -0.199144710972902 -0.224852649478277 -0.21004405443705 -0.189391784277135 -0.178594926157742 -0.144105787515409 -0.160306091642362 -0.125536661381257 -0.166799705019551 -0.108122587881102 -0.174608736108654 -0.132611659403996 -0.205578809812877 -0.159991420992697 -0.209814884797297 -9999 -9999 -9999 -9999 -9999 -9999 -9999 -9999 -9999 -9999 -9999 -9999 -9999
-9999 -9999 -9999 -9999 -9999 -9999 -9999 0.0313979788017461 -0.108600817948225 -0.0783142349980613 -0.122147559914573 -0.119377580044549 -0.156203451118254 -0.129530614536987 -0.179348518315872 -0.166518458292384 -0.221352128588202 -0.202332276678172 -0.250089791610241 -0.21876931431298 -0.212829269420284 -0.199573873231054 -0.151937345533429 -0.15175694412072 -0.112811075372759 -0.135046730122693 -0.0904400229296475 -0.160808684063629 -0.130025016626995 -0.165253864551139 -0.156325131130632 -0.205876282176657 -0.201750228657121 -0.209803222117439 -9999 -9999 -9999 -9999 -9999 -9999 -9999 -9999 -9999 -9999 -9999 -9999
-9999 -9999 -9999 -9999 -9999 -9999 0.0846685496141425 -0.11470902783063 -0.028387600348 -0.104682808110921 -0.0963519938740866 -0.133828696756501 -0.129655353287287 -0.154936576809505 -0.159085527512884 -0.20010138693646 -0.187962770743837 -0.241332942149628 -0.230515532968373 -0.26029949296358 -0.216276054481234 -0.184480821013518 -0.151908962052705 -0.121534262501369 -0.112318543135583 -0.0832737803870572 -9999 -0.0811861645402031 -0.132821735981112 -0.121990993757024 -0.182711286378442 -0.182596964810757 -0.203355391253111 -0.235625008599014 -0.210471220516805 -9999 -9999 -9999 -9999 -9999 -9999 -9999 -9999 -9999 -9999 -9999
-9999 -9999 -9999 -9999 -9999 -9999 -9999 -0.02628895229551 -0.102007911857244 -0.0951278278930123 -0.110756572333456 -0.125746953773064 -0.127953499423516 -0.14296263614911 -0.161030054347735 -0.171041051750532 -0.204505119710121 -0.225750778589394 -0.269488335654377 -0.224964027785186 -0.196717800162683 -0.155952081082809 -0.120960350367139 -0.104436040092701 -0.0629750406720676 -0.0613443234202528 -0.0344353133448479 -0.0540606723130711 -0.0894286006689072 -0.118125252260865 -0.149868491478757 -0.18443661174517 -0.208546482231674 -0.208607077784641 -0.255939966105262 -9999 -9999 -9999 -9999 -9999 -9999 -9999 -9999 -9999 -9999 -9999
-9999 -9999 -9999 -9999 -9999 -9999 -9999 -0.107626387291801 -0.090296884422867 -0.105238731652519 -0.1085633712614 -0.132885999113102 -0.132243837127011 -0.142503611119787 -0.118806269904021 -0.160452856461702 -0.180412734661555 -0.212015145854031 -0.219293562026163 -0.233753565268357 -0.178047904755583 -0.12576291973446 -0.0866470534301746 -0.0565600057978154 -0.022784555832116 -0.0195981268639251 0.00955864181467942 -0.0338219297918045 -0.0497155515459899 -0.0985537251299921 -0.137157050288739 -0.173781237496221 -0.204945615088483 -0.248909286810418 -0.223451002134634 -0.283988984068542 -9999 -9999 -9999 -9999 -9999 -9999 -9999 -9999 -9999 -9999
-9999 -9999 -9999 -9999 -9999 -9999 -9999 -0.0585430449227068 -0.102693187831667 -0.0854701044640996 -0.115871828151133 -0.124128373040089 -0.12172457935516 -0.125207263400834 -0.144186938167942 -0.149176026907829 -0.166895277689567 -0.200051041697658 -9999 -0.196577663499322 -0.146395046760023 -0.076686516761167 -0.0461336667602262 -0.011837730162901 0.0127725983301254 0.0489822953769897 0.0291986352515214 0.0368789942623826 -0.0266401881450377 -0.0598995560560892 -0.119720225644621 -0.164002841388206 -0.204777463508517 -0.225241435816385 -0.272762165317488 -0.265173330478832 -9999 -9999 -9999 -9999 -9999 -9999 -9999 -9999 -9999 -9999
-9999 -9999 -9999 -9999 -9999 -9999 -9999 -0.102649538463238 -0.0893800564004864 -0.11062937752447 -0.0947987707266696 -0.1055541705683 -0.109441312581394 -0.105948070284396 -0.111768673337292 -0.12851529357927 -0.119126187227638 -0.136824123134341 -0.161922074043809 -0.129501909426503 -0.0988496016078579 -0.0465352245655623 0.00649266823340892 0.0536178442335489 0.0810541346259219 0.0937157288804031 0.0677218837864836 0.0530857422780538 -0.000924207416121876 -0.057973225874774 -0.101275341404 -0.144388302285724 -0.199150184974964 -0.230965092692284 -0.242928897884924 -0.290362965458026 -0.313555136483575 -0.26269417119214 -9999 -9999 -9999 -9999 -9999 -9999 -9999 -9999
-9999 -9999 -9999 -9999 -9999 -9999 -9999 -0.0764430179671616 -0.108367352997352 -0.0898057241094245 -0.0899344435821273 -0.0943545894277367 -0.0803273173090825 -0.0827349843877454 -0.0904697539032971 -0.093029072963123 -0.0958913796893827 -0.118520471177973 -0.0957739806868438 -0.0812563331117716 -0.0550757046146539 -0.0205036913434465 0.0335829160712291 0.0740274897919025 0.0896701619557686 0.120935036527183 0.0992997072654739 0.0627606103626741 0.00172733940259699 -0.0351469554303827 -0.0903600831586767 -0.142842316289325 -0.175776884843623 -0.215605451240626 -0.249029817720686 -0.269733584796553 -0.348367555740399 -0.25674073486506 -9999 -9999 -9999 -9999 -9999 -9999 -9999 -9999
-9999 -9999 -9999 -9999 -9999 -9999 -0.102945286184701 -0.117981036027074 -0.0898174294509998 -0.092815166982216 -0.0785338550694746 -0.06179737161655 -0.0548986220141265 -0.0668901876057245 -0.0500916261678471 -0.0743258370688855 -0.0628306949273684 -0.0812249770493804 -0.0781370082264551 -0.0512801082318055 0.00870783010164649 0.0171447291210451 0.0675962002822108 0.103897466186653 0.0987242034980761 0.133028279629536 0.104529891376253 0.0653650993832198 0.0354052882517557 -0.0307297499434027 -0.0764102125098707 -0.141018287139105 -0.17867331128121 -0.21755534644453 -0.246011592900717 -0.259025336100106 -0.315669894361549 -0.10778542658072 -9999 -9999 -9999 -9999 -9999 -9999 -9999 -9999
-9999 -9999 -9999 -9999 -9999 -0.101418065214791 -0.110739723892078 -0.0973712493418482 -0.0955731759336633 -0.0838934206073199 -0.0600469118945753 -0.0519065546955507 -0.038496782177185 -0.0253885958262152 -0.0426766065972732 -0.0499186844222345 -0.0708026447180772 -0.0647988952448407 -0.034767635164464 -0.0234078634097765 0.0214398263464225 0.0527066291638993 0.0912124283650973 0.117213740877239 0.146064534036419 0.119930243718369 0.120390089314044 0.0915961899307085 0.0253038666458013 -0.0198988533121523 -0.0756186141048658 -0.136919187387557 -0.168984272742406 -0.2162901397002 -0.228011999102598 -0.257034753674923 -9999 -0.132985649195905 -9999 -9999 -9999 -9999 -9999 -9999 -9999 -9999
-9999 -9999 -9999 -9999 -9999 -0.110016984881362 -0.0974352873856868 -0.10223554294741 -0.0858466619357781 -0.0719731022407031 -0.049309229205849 -0.0159007315056927 -0.00580874074500989 0.0151910116155215 -0.00513355230598941 -0.0402415782011393 -0.0543065119482372 -0.0607555712140203 -0.0349755703740026 -0.0216584338843809 0.0471683414600823 0.0691275851409857 0.085449155898673 0.136821776500493 0.123833268950388 0.145420857231949 0.105255615234763 0.0779762919911152 0.0406731026307263 -0.0129306010987223 -0.0634312042476561 -0.117691705037541 -0.163369454455867 -0.199119673661143 -0.255859649423587 -9999 -0.251533519579701 -9999 -9999 -0.199766093504889 -9999 -9999 -9999 -9999 -9999 -9999
-9999 -9999 -9999 -9999 -9999 -0.109610897157847 -0.104876276865707 -0.0993536706063467 -0.073756662981553 -0.064569110539802 -0.0180704876465736 -0.0142132770244537 0.0290681568828006 0.0297279169336296 0.022276914301618 -0.0254296564994335 -0.0473248336894983 -0.0611921097938301 -0.0779688766480773 -0.027007160202183 0.00634171202077776 0.0461118510510352 0.0973494168586722 0.0979451279444436 0.14353643749059 0.141770611744118 0.123638800013262 0.0809548548303833 0.0442823367252785 -0.00200804219342295 -0.0483005252925312 -0.108161724786768 -0.148482536851165 -0.225604914207165 -0.250388196753911 -0.28328158972806 -0.245278750755306 -9999 -0.157142134879887 -0.242695236814769 -0.221227122444411 -9999 -9999 -9999 -9999 -9999
-9999 -9999 -9999 -9999 -9999 -0.120494093565345 -0.107701960669715 -0.0950957585054358 -0.0656581094036719 -0.0470035659460315 -0.0290919709633375 0.0157022722974178 0.0314985084513314 0.0786904224747065 0.0269209707080219 0.0118657715811543 -0.059724991249484 -0.0926771587501 -0.105898431712869 -0.103161293579823 -0.0560546290223671 -9999 0.0633141816046036 0.154950150871179 0.156967392712997 0.153190631404941 0.139819937709207 0.10597819617217 0.0613308088095784 -0.00792410951844615 -0.0150447200198887 -0.0866108281913146 -9999 -0.199571475820759 -0.273029103097123 -0.244189621355743 -0.270194593636138 -0.215222563953999 -0.252047305351136 -0.174964801922646 -9999 -9999 -9999 -9999 -9999 -9999
-9999 -9999 -9999 -9999 -9999 -0.132847724152859 -0.119281798710751 -0.103493041006846 -0.0514617581575845 -0.0197763008600561 0.0212870764803308 0.030724212568126 0.0783779216963735 0.0902452675167187 0.0527511281323967 0.00351166252921563 -0.0550135116634803 -0.104482300710009 -0.148336450641092 -0.0975523563016496 -0.0442532201152199 -0.00113897587187399 0.0945046125209508 0.122249798805625 0.177438876276106 0.189965119233938 0.166140080014883 0.134357297399748 0.0664390145066873 0.0252338333231163 -0.0171345160812242 -9999 -0.118553077458719 -0.228871902237066 -0.213836261927499 -0.252126834925299 -0.213961237190622 -0.243649346570211 -0.206116399770305 -0.216531777668626 -0.20035317056304 -0.118177041765719 -9999 -9999 -9999 -9999
-9999 -9999 -9999 -9999 -9999 -0.139511536881799 -0.121132381762857 -0.0975751902132321 -0.0576004505499379 -0.00661223854466731 0.0185464845104663 0.083207107968844 0.121153164401741 0.142028465449534 0.105976799703512 0.0272511358562976 -0.0480027257811868 -0.10993944883365 -0.105341024389459 -0.135778071763582 -0.0442695214474378 0.0258546949793628 0.0713485655463367 0.149401625736827 0.177363572052986 0.198971132905515 0.20006743218908 0.149864403794031 0.0715315731538456 0.0104609828730269 -0.0109731908658568 -0.0508573271996322 -0.106826846597138 -0.149222406922059 -0.219732016318888 -0.191235611923317 -0.242748894813003 -0.209063153522462 -0.235770599940521 -0.172692112723442 -0.212961552429095 -0.143854542602236 -9999 -9999 -9999 -9999
-9999 -9999 0.19208624199608 -9999 -9999 -0.177007331693602 -0.142721799072379 -0.107774835600644 -0.06538175715538 -0.00261360472432757 0.0537013841704977 0.097016854760377 0.18686828716973 0.180271294039024 0.132438592691343 0.0668761245608743 0.00280421055684552 -0.0699155768179188 -0.126535145768413 -0.0956930964782329 0.0271139838837606 0.0573808814599731 0.126207859412792 0.156014767762255 0.15497750566942 0.212877681341059 0.164011052357507 0.14646764496204 0.0570577265355591 0.0304386908747117 -0.0178573704685775 -0.0579052819856069 -0.0826488566716857 -0.149455710126201 -0.180251700592431 -0.216951502062415 -0.203314999455129 -0.24544447472513 -0.193983363403021 -0.232646497882234 -0.155662054671245 -0.166982645434719 -9999 -9999 -9999 -9999
-9999 -9999 0.116714013754181 -9999 -0.202398500891216 -0.201981013286296 -0.155776383916581 -0.11843519358284 -0.0668202299843733 -0.012121590373292 0.0578412293183503 0.134521016396064 0.177760351373542 0.203427524250612 0.150462608852027 0.101799892920893 0.0171385359147974 -0.0381256916282866 -0.03792559499038 -0.0177721546012013 0.04887635569351 0.12687206172192 0.161206420349773 0.186159658229612 0.200308877503665 0.157010518165516 0.175480694631082 0.0790877332162791 0.065950775568979 0.000232256820753077 -0.0305223661519596 -0.0562630355724164 -0.106214671427563 -0.143946204664789 -0.186441909179953 -0.19375711481726 -0.223517117831745 -0.221277668245638 -0.236455105189836 -0.195224684237518 -0.236675378760657 -0.186894761078573 -9999 -9999 -9999 -9999
-9999 -0.390530407944485 -9999 -9999 -0.282763176306904 -0.235892386584585 -0.202730212078047 -0.15127353420092 -0.095660926502168 -0.00972277689132951 0.0482927628569052 0.127425522708126 0.199295745293853 0.21958415159144 0.15564400914046 0.0687659774423253 0.0267264037135214 0.0173247241239666 0.00107627521430898 0.0741216198745322 0.12474894562707 0.159719836642408 0.202035657692718 0.200687139717134 0.19414333151794 0.165723447922569 0.127187340657822 0.102526608664913 0.0214439533828964 0.0123302949771817 -0.0440568390343187 -0.0892153088323422 -0.101565432486326 -0.135230299042432 -0.187242075616203 -0.214373552980169 -0.233098873772871 -0.254220899390735 -0.224008040553067 -0.25270459326896 -0.206928058102109 -0.242969511721431 -0.154718471686908 -9999 -9999 -9999
