Model-results/Spatial/Snakebites/Rho.asc
NCOLS 53 
NROWS 93 
XLLCORNER 376490.070567719 
YLLCORNER 384721.488324056 
CELLSIZE 4595 
NODATA_value -9999 
[rows 60 to 79 of 93, columns 0 to 45 of 53]
-9999 -9999 -9999 -9999 0.205730428787119 0.166026419366162 0.135092141041797 0.138232982549272 0.11372894925452 0.0555900952306892 0.0461188450905965 0.00204562679865103 0.122242982413941 0.160944811105929 0.179989888933233 0.0555687405156954 0.0563420787431879 -0.0172249164896046 0.0478213873118026 0.00624796072485425 0.00505409140720352 -0.0489667423335302 -0.0830977210850659 -0.110811133963814 -0.0407850420270876 0.0517389475777853 0.214753330143225 0.24530680747683 0.191356371364348 0.189722215062954 0.165386935619353 0.111833658080732 0.017368876556264 -0.0984313699733541 -0.0218177098091306 -0.10686811192049 -0.104640510714698 -0.126062957418069 -0.126234876259514 -0.136790188060049 -0.0974344844632741 -0.107710192264399 -0.083020824923123 -0.0921248896758102 -0.0850284369340647 -0.100827954361029
-9999 -9999 -9999 -9999 0.184154551112971 0.186363413678274 0.117280926337929 0.12594494013214 0.00996928398708147 0.0639725860426513 0.000122231998787997 0.0578759143209672 0.0278825189250088 0.139318088277474 0.0892265943285631 0.07168914139694 0.0610063754692855 -0.0544594822447911 -0.0182398525493111 -0.0136426141730543 -0.0934095138849322 -0.10101937551516 -0.107986247613487 -0.079537173583615 -0.0169766393898343 0.110650538469524 0.229762608526808 0.279422142328762 0.235419414769391 0.293163029411763 0.195672232802953 0.174591142113017 0.040788112016542 -0.0563483754542837 -0.0425852392554291 -0.0760988749992032 -0.121695465244873 -0.0837777425761796 -0.143113240406849 -0.112491472107488 -0.122602894026273 -0.0816715295233128 -0.10288788519007 -0.0764162444900337 -0.110442986875326 -0.154460855734761
-9999 -9999 -9999 -9999 0.365457686335417 0.174449728412119 0.221516134981152 0.141422789262315 0.149246292563359 0.0792245774390192 0.0754470572052162 0.0945157550164256 0.12360620663397 0.17975514329714 0.110117213101729 0.0741937171594105 -0.00886898392627535 -0.0429349267850503 -0.032747761922573 -0.0441152090412885 -0.163652732474167 -0.131082434717076 -0.124214722126343 -0.0512918305755686 0.0319427612375096 0.208019769522305 0.328711558855109 0.322326142198585 0.340633914252675 0.26148298331645 0.225172600642824 0.174361954802449 0.0956992390669032 0.00885493751900529 -0.0396045716050872 -0.0746220420979095 -0.0912141451433133 -0.128294894173129 -0.11236891458732 -0.121452466807688 -0.102324045046161 -0.101274839613991 -0.0682081435330397 -9999 -9999 -0.18155082123438
-9999 -9999 -9999 -9999 -9999 0.32398590056079 0.219507495618607 0.245150333571841 0.164640453274947 0.171729337335207 0.110742020058414 0.151838291677417 0.181563526467635 0.155535726421317 0.21560040846847 0.104257291525089 0.105937836846457 0.0253573700723286 -0.00639978824155607 -0.118616022525916 -0.143727511717801 -0.166928756702219 -0.104579517059374 -0.0734035476719518 0.0253825989304669 0.212161218802128 0.245760040148507 0.453480274511101 0.334776767897244 -9999 0.208288972892868 0.221625788036505 0.175500123603878 0.0410414636298686 -0.0264735433125726 -0.06551399422038 -0.111165136935883 -0.125768364950264 -0.130853589924631 -0.098139199528694 -0.0965054025042181 -0.0670587731087098 -0.0837236538830125 -9999 -9999 -0.207265193329795
-9999 -9999 -9999 -9999 0.916665753888523 0.215453276180974 0.35631219940736 0.252924946748538 0.236023884412262 0.204232066713792 0.187771766660104 0.203697258001935 0.21702831454067 0.265674271242615 0.219624234282618 0.235550732463043 0.175698162254899 0.132830422279914 0.0146478379041181 -0.0358288362536678 -0.173598738519607 -0.138630731974759 -0.0886263619557098 -0.134047141414482 0.0378034416541548 0.0484012609947567 0.22081887652385 0.210981623016932 0.403812604904097 0.246185102221228 0.253762425864985 0.231024220274438 0.236535402623615 0.0570399744808087 -0.0331335896467702 -0.134024351940433 -0.130584016605229 -0.131280807938072 -0.0861907406542382 -0.0752046548338424 -0.0716987240908493 -0.063721082023628 -0.0484433902238728 -0.0773965114556452 -9999 -0.167854541725549
-9999 -9999 -9999 -9999 -9999 0.307762415334098 0.28768019388793 0.26688252752937 0.279918671186115 0.240315401942693 0.231477316357537 0.239427002614354 0.24195287228097 0.251701627281775 0.336292289502021 0.257875863175534 0.362298045865739 0.143124341793472 0.0666170419376916 -0.103079003962977 -0.145609252633782 -0.160751263515309 -0.117410877961492 -0.0850809495940833 0.0381081582247532 0.0569055432542681 0.0322186005531084 0.215353722190367 0.112146467019535 0.224079445165012 0.172821832337865 0.261793350311104 0.177485096753428 0.0384930645010639 -0.0711228494154059 -0.157161636972075 -0.179721536754512 -0.183549531081426 -0.0633565400062109 -0.0723690894942524 -0.0680647679698165 -0.0290584564029394 -0.0517570249859695 -0.034871917595682 -0.115819840092657 -0.159030263873195
-9999 -9999 -9999 -9999 -9999 0.213800281571761 0.263220581074241 0.296584011394947 0.286861577617464 0.321220787699381 0.299455058198761 0.31369371869851 0.313032103908307 0.374249038080827 0.219639124833013 0.452963550568724 0.234344713690517 0.217997558096001 0.0557275096207663 0.0138433272506828 -0.124786661202416 -0.104235764792106 -0.06645502411613 -9999 0.00670980440283014 -0.0233670274872523 0.0470491565683856 -0.061499569456159 0.133577000449524 0.0489379168466768 0.19680226877511 0.15840279059643 0.0669394436979712 -0.016614153840195 -0.157702622966872 -0.236437470875635 -0.275406385917018 -0.257702923926372 -0.129086395924141 -0.065900959366506 -0.0377989890584059 0.00950816386939696 0.00249208985613489 -0.036795008793856 -0.0710513463124408 -0.156726975323577
-9999 -9999 -9999 -9999 -9999 0.268614024380598 0.265683403777546 0.302817136591726 0.346092103463479 0.375782424325327 0.37772596764058 0.393326035873524 0.404237589556737 0.334009699982982 0.354404005071383 0.193315336033225 0.400068461154552 0.18026355679794 0.186518419970218 0.0186957427914421 -0.0434737563008963 -0.032972238211169 -0.0815828411111718 -0.000946203994616979 -0.108101713558657 -0.0500540704282137 -0.0796464929972513 -0.00980274289883196 -0.098570568763383 -0.00331400011160641 -0.0939636116579715 0.0545201472819001 -0.0584771087979703 -0.212794356168598 -0.197990407227618 -0.241924667982845 -0.251960395953154 -0.279640382038807 -0.123802602385624 -0.0488796603426846 0.0146314825282998 0.0883909103486994 0.0309489389953233 0.0223992524870772 -0.106311360024828 -0.122485980259079
-9999 -9999 -9999 -9999 -9999 0.243375390414075 0.258287550616913 0.317393415311279 0.347154813049082 0.451240646742115 0.441823585065593 0.439894385873633 0.432175479304728 0.407248082530402 0.268967180683247 0.442481841294108 0.33565559691119 0.418234657673077 0.251995558519725 0.207257634214852 -0.0253770093086452 -0.064129430342652 -0.0178783092848945 -0.0627555911769833 -0.0585129941952171 -0.0956869236744931 -0.0939355067828309 -0.120990056605288 -0.0986568298993738 -0.222524533039599 -0.138898820245483 -0.123081232701241 -0.204634376803613 -0.160492610305106 -0.342818272319241 -0.254997190237962 -0.262464392751116 -0.212306379039198 -0.0816178600860822 -0.00610820664891505 0.0815547322663362 0.158341132560387 0.160482352433094 0.0485812475234812 -9999 -0.168030523138946
-9999 -9999 -9999 -9999 -9999 0.328147673512196 0.306569034162836 0.336990458810087 0.414772585719701 0.476994665732082 0.460574077706091 0.444804945112682 0.409653594212087 0.447197878677253 0.417572021492227 0.376164586363852 0.501678020266705 0.39883790486128 0.398191129378331 0.137286909271234 0.00676993081315451 -0.0313392139019103 -0.0611919482584346 -0.00608929735097825 -0.082503000084548 -0.108107282902888 -0.168484681594208 -0.139491107866368 -0.219389065166019 -0.278938644910801 -0.242453652570735 -0.212097845935223 -0.197548238125604 -0.322522069648752 -0.229849936515131 -0.261504068834143 -0.182197803902444 -0.151554614300521 -0.00679265708320985 0.065032405530423 0.143238690527602 0.187201960511969 0.16730828096841 0.0869589903666415 -0.0669026388854466 -0.124915852055324
-9999 -9999 -9999 -9999 -9999 0.275264712799724 0.36003131048692 0.3874760787807 0.404166263300287 0.463561401572525 0.461778602483586 0.407248523314376 0.483365142043931 0.403090207346378 0.436023552945557 0.399338534648178 0.439938708027814 0.559621307287833 0.353564933075875 0.21188316863854 0.0650617847029431 -0.0987663419354019 0.00950755583636815 -0.0733238214058455 -0.0621444101158492 -0.113159659342885 -0.120158454583077 -0.156397077115714 -0.194238661216699 -0.291054876042595 -0.280455673024408 -0.25470430993963 -0.287455279031126 -0.210958821899377 -0.272396495734497 -0.171836533736714 -0.137493497975669 -0.0544417159583605 0.0539780998187127 0.1313785378545 0.177073981974712 0.149378097739464 0.172125953685335 0.110662561365201 -0.0510046581752309 -0.149066201034715
-9999 -9999 -9999 -9999 -9999 0.389368485281586 0.371443347190032 0.388565722075542 0.43304284719541 0.455254690179143 0.479181684593212 0.520697847647826 0.526818848550829 0.458011454174708 0.405735971784376 0.454069879116565 0.427028153988185 0.418002504755798 0.388250379599077 0.256252215639621 0.123046736394769 0.0403259037136053 -0.063351351250675 -0.0167810341277087 -0.0723031126047841 -0.0870931541473598 -0.102068160284677 -0.117251105544547 -0.114189044260949 -0.215136589959162 -0.183041302267815 -0.238349270815253 -0.138220850929311 -0.213119237972837 -0.116463629613595 -0.124990149231105 0.00318523662003304 0.0235205709356428 0.123694173398348 0.193662681891838 0.240209779559914 0.169230287049674 0.124603040148764 0.0525393135875022 -0.0658972408388634 -0.110557679027166
-9999 -9999 -9999 -9999 -9999 0.467908902085092 0.462822591348105 0.498909622748274 0.510469915275826 0.584031127469321 0.573751568954319 0.584593676301208 0.549489646278276 0.478803117063383 0.386640156276435 0.297127369133027 0.346508311840112 0.45568047712908 0.371218236041056 0.32446561910321 0.205579630282713 0.0130899999190376 0.0725837340537493 0.00364132552806008 -0.0140893393074057 -0.0295589441717694 -0.0372155436198709 -0.0359796633903268 -0.0699489863483726 -0.0710908047074852 -0.181679832112995 -0.122972151104201 -0.208284660240379 -0.110805497456571 -0.0473564434526845 0.0120870521876587 0.0505743204697652 0.156181594181967 0.197275083481099 0.23124266820668 0.195467589683751 0.148069631654062 0.0986891122183811 0.0208068102632522 -0.0535338521764292 -0.0633177924908789
-9999 -9999 -9999 -9999 -9999 0.545617746873194 0.559076145676149 0.552782046199512 0.614316155613935 0.61397337092098 0.613406219131047 0.609817077912263 0.664989035565212 0.478390725989988 0.437767533973806 0.345707392044738 0.336655393535407 0.436347354957905 0.564723833081903 0.43493552976117 0.309622090964298 0.250258758426938 0.108945596706592 0.123453933324126 0.0345704758355317 0.0314796862989018 0.0525667190304496 0.0394260630147218 0.0423783676137655 -0.0398302357062663 -0.0668405017968344 -0.128290047588231 -0.0669233888134296 -0.0896432036686661 0.053205279734224 0.0643422182014161 0.161531245032049 0.221434721071127 0.268786418283402 0.262893875349483 0.185021987675264 0.108053349714635 0.0901326973910561 0.0376958611663681 -0.00693562378386495 -0.0671733881835636
-9999 -9999 -9999 -9999 -9999 -9999 0.606866486436253 0.628539027891244 0.634181791919518 0.632471103963113 0.659105645808062 0.712118620471234 0.605396229790509 0.547762608393155 0.44946537205599 0.369927635979562 0.345222542848281 0.49475045973862 0.548153635500387 0.535549445623042 0.479878821343641 0.341694703693537 0.309125873459717 0.235987346271238 0.219905208085329 0.183116362655695 0.125373018303564 0.146114454420579 0.0978510505509999 0.121018840646131 0.0993625821723237 0.0658580864289495 -0.0122129593076059 0.06304882578445 0.0452550869722701 0.167340682183153 0.193758204670896 0.248014195770539 0.257967436821483 0.224807799051749 0.178432196486402 0.126523321566639 0.0950857436218568 0.056820238726104 -0.0052346868891259 -0.0181328463410285
-9999 -9999 -9999 -9999 -9999 -9999 0.630010352856566 0.618670076782182 0.690695965205174 0.694849522821883 0.70808890022155 0.728821996414977 0.655342046037561 0.544419611432453 0.496213334222114 0.436717682320266 0.394161225373152 0.512344359367167 0.582896873465527 0.587903659598484 0.559903783656169 0.529939807173546 0.393881945600101 0.392371484310731 0.273129835181599 0.266105058357609 0.256452036720326 0.202534067894615 0.188314674813245 0.175281255062053 0.205499467738904 0.134481367276857 0.119054726639906 0.0928395091594645 0.168666844993495 0.186641507251117 0.249419074212954 0.246446094837184 0.237983584707069 0.221985267079285 0.181397737759236 0.116720131158701 0.120914063598651 0.0408579165961956 0.0370775764482735 -0.0590882224299124
-9999 -9999 -9999 -9999 -9999 -9999 -9999 0.655612136885438 0.675480481547847 0.731820735680409 0.693909052548319 0.71068460291235 0.617728611866477 0.552730952768084 0.517662118194103 0.498213424713153 0.481721458049537 0.466645877079558 0.570720801395597 0.584969365530355 0.673824524271464 0.533745704090556 0.550167809777268 0.481625848436622 0.439228495974617 0.471969438693996 0.296589600273245 -9999 0.236399000004164 0.281288225815741 0.353477909919968 0.248105276416724 0.195109946330445 0.182018180179522 0.208012230450679 0.183050270257005 0.260176515831666 0.213321115581335 0.225099168040593 0.200710029791405 0.160339695737287 0.145216654722471 0.087297097607622 0.0822207605739652 -0.0060572381910999 0.00045189206675883
-9999 -9999 -9999 -9999 -9999 -9999 -9999 0.608810259415409 0.664783548799445 0.668330872709139 0.687040282386299 0.61396468810594 0.683110217422838 0.550590428665605 0.591980850936406 0.58107844339317 0.571434163622405 0.636536549567022 0.577969001049002 0.68416795750839 0.570968580687925 0.661785401621816 0.600661122744662 0.643457031392514 0.550981493582254 0.517962574525532 0.411337695879656 0.314525946729029 0.281488577213292 0.329860456294501 0.340886760282894 0.299522057439627 0.242431020573715 0.219324313193507 0.21857208829107 0.256648752615203 0.248128283344452 0.236344584022448 0.202049849053357 0.194661342670722 0.171948989949298 0.125468194559471 0.106226343286633 0.0256896805357314 0.0506863574232526 -0.0146528220279901
-9999 -9999 -9999 -9999 -9999 -9999 -9999 0.536238395401149 0.652805763459014 0.626120813786389 0.703174001344294 0.692476690768231 0.681163498262651 0.670396700984595 0.61493652943631 0.662625846480642 0.639469331267265 0.650003588589606 0.631313505970286 0.602915445554414 0.643208501832593 0.58773268801693 0.637022472784711 0.61360471349169 0.648986800664528 0.65547397892814 0.473568802975763 0.437587227667879 0.304099169610536 0.357147413872553 0.344684832259362 0.304015720285833 0.291612643753919 0.247830523415284 0.247199015988752 0.235755893462843 0.271024539268705 0.230184067352776 0.212844997512109 0.19273773731965 0.154447891156162 0.130259416906081 0.0755150016833273 0.0686240415762029 0.0130359120011428 0.0138514636318833
-9999 -9999 -9999 -9999 -9999 -9999 -9999 -9999 0.536459277249912 0.574981291457526 0.58566695889622 0.559078086212303 0.668509682327249 0.69753960888571 0.651432266872127 0.724324699928491 0.678027524054493 0.647347932932585 0.680713136780816 0.647687941460796 0.636454756732903 0.638263513162392 0.619055864684544 0.600583483835654 0.66756033220232 0.618088321940237 0.508620983657709 0.421004033021796 -9999 0.349260304356476 0.345059004483974 0.328332095467075 0.344821966106131 0.305553826768101 0.289672723004538 0.239823448645079 0.263480760079835 0.227698561145174 0.209907095623192 0.17347341348046 0.150010637439202 0.104707131703608 0.082770886557227 0.0358225662720361 0.0290801787500822 -0.0260220867881211
