Model-results/Spatial/Snakebites/Rho.asc
NCOLS 53 
NROWS 93 
XLLCORNER 376490.070567719 
YLLCORNER 384721.488324056 
CELLSIZE 4595 
NODATA_value -9999 
[rows 40 to 59 of 93, columns 0 to 45 of 53]
-9999 -0.412646903236089 -9999 -9999 -0.30305423529891 -0.300586151186376 -0.235395968804714 -0.171400732769941 -0.110823389700741 -0.037821261120787 0.0347739457818192 0.131172008770728 0.178389899818733 0.143617769239397 0.0980617998850189 0.0907963695635662 0.0419066275264426 0.0246848576014375 0.0770891508796407 0.0637525843344713 0.133310474545863 0.184434385755025 0.218220986813856 0.251026906205104 0.192881208216572 0.150562522211844 0.116505400330753 0.0533040831387387 0.0429599197864828 -0.0249970876294336 -9999 -0.10692672084149 -0.180196728799684 -0.203214381346487 -0.217562993720895 -0.240169945741781 -0.242454836519215 -0.245160919157515 -0.260588348431808 -0.227396222952871 -0.269260125732242 -0.179841765472519 -0.258745111657163 -9999 -9999 -9999
-9999 -0.436145122894452 -9999 -9999 -9999 -0.330908731136146 -0.305756531853267 -0.217936784434393 -0.143422027535888 -0.0657128831030379 0.001191744772767 0.0606129079116848 0.0943780294874355 0.109070998924506 0.0757887849415023 0.0478858172060783 0.0407062810008438 0.0495698719176813 0.0659708856167016 0.124516811879424 0.138084289344492 0.141878693638721 0.192812008648198 0.226629997119115 0.151358292782644 0.149216532377454 0.07631556591054 0.0725816644341568 0.0104953535539535 -0.00742971668329009 -0.0614860257152524 -0.10516358765522 -0.171450838991499 -0.222251485670919 -0.234589879659179 -0.243063002899209 -0.272953914198225 -0.251519270423373 -0.259905992947926 -0.269751799357486 -0.233061268622587 -0.269708021397724 -0.22669268386904 -0.275625361738489 -9999 -9999
-9999 -0.471706660979485 -9999 -0.46064441870465 -0.471356381317582 -0.559117917186487 -0.339374743894936 -9999 -0.176850190388153 -0.0847673483078911 -0.0231833402524265 0.0242197587324314 0.0545586325251493 0.0450618041659322 0.0656937323760354 0.0350120980658244 0.0785960932913588 0.112074274061697 0.159599248865375 0.156447548192474 0.144360266886204 0.14427894835016 0.183256747938811 0.185938487520583 0.186180386492808 0.10816936911986 0.0902468843850159 0.0318681272233878 0.0443714647251879 -0.0496212876318682 -0.0623899559778353 -0.114047561035805 -0.199232476510535 -0.23899529715315 -0.236363606408201 -0.272780877229237 -0.269888765103409 -0.281490648235788 -0.273900456430545 -0.257143252515224 -0.275268707187512 -0.246346137650892 -0.272542824855739 -0.252310198297116 -9999 -9999
-9999 -0.278105707288386 -9999 -9999 -0.569141275781301 -0.517536710789182 -0.482075449679128 -0.308138402562409 -0.242223279388783 -0.135902364730269 -0.0723913592347896 -0.0116188965948006 0.0192001826050447 0.0296635763833146 0.0479215373471066 0.0626819562419996 0.0930747869836532 0.139470305478109 0.171798999256651 0.228876364076464 0.188390162600265 -9999 0.171198822240554 0.227503565923818 0.152404011897604 0.150888979925554 0.0687809354563724 0.080467427090307 0.00556583764321258 -9999 -0.0944581516618911 -0.181926531329653 -0.217825912750393 -0.255415462745909 -0.256476084942332 -0.272698156413039 -0.288687759276656 -0.277130793034929 -0.272192864518402 -0.265466528327903 -0.267738141926254 -0.260397787122709 -0.264303281754774 -0.261534341118752 -9999 -9999
-9999 -9999 -0.412529476249555 -9999 -0.520944323018763 -0.62711881317487 -0.419737295475716 -0.398538103172583 -0.256716769589842 -0.178634440611731 -0.0806953635835753 -0.0529864986154853 -0.0185520709113468 0.00213399989927367 0.0220586268587056 0.0550944453993028 0.119744139806382 0.171222216929255 0.238030796381122 0.285824727170531 0.269705029687085 -9999 0.201038773807387 0.207219276964673 0.164666430220161 0.105240291222741 0.107543050764111 0.0468632960275995 0.0423035192985485 -0.0195253093921928 -0.119218813460187 -0.153435486688395 -0.24471906332982 -0.248764634695025 -0.255762609714613 -0.263946353955668 -0.266712369727047 -0.283848934361012 -0.269410790953802 -0.262342698820508 -0.278945573066513 -0.270382160047959 -0.265120424989792 -0.27417752155701 -0.253395506092139 -9999
-9999 -9999 -0.595054561591096 -0.461159720665834 -0.625017929980286 -0.502612548492256 -0.493010773427991 -0.337975933198999 -0.305497471665481 -0.218128398785 -0.159189218067814 -9999 -9999 0.00527516077709026 0.0274254447172778 0.0955685769293074 0.169736063279585 0.226257869258513 0.295875015355229 0.346852524534257 0.373061097749587 0.302100276102041 0.274158543194048 0.198306951858327 0.163969899312178 0.145433984381552 0.0809869202458942 0.10217857133155 0.0643914964113037 0.047361567563459 -0.0632646918959256 -0.194488508912806 -0.192075091880165 -0.256529757810887 -0.252963317607982 -0.252451830605799 -0.252760708665713 -0.246564822114652 -0.237071820958889 -0.260782132628606 -0.26410626339501 -0.25412398692024 -9999 -0.259156875738944 -0.358106869965436 -0.257696308491851
-9999 -9999 -0.430869497713979 -0.591225123273689 -0.451679594847657 -0.482340906458038 -0.386893893384784 -0.358720814323955 -0.266018655837926 -0.219860509266755 -0.135938696049631 -0.0870556881444088 -0.0169079323432215 0.00586148752486969 0.0582607948874273 0.13262967465557 0.201834222585896 0.272690809760861 0.313786697974604 0.36027939183005 0.36426754217948 0.302476158811055 0.214833789559402 0.180824951757293 0.148384949639925 -9999 0.133966103987149 0.0818893705332904 0.11501644869974 0.0748224532516348 -0.0712810096303591 -9999 -0.219482241747729 -0.167714941370768 -0.210084236638918 -0.205419146704151 -0.234225048662218 -0.206122123113558 -0.21529145266751 -0.244400261159566 -0.239527376455222 -0.268491205742052 -0.240692488050177 -0.285168712190803 -0.239030486796438 -0.370086000637157
-9999 -9999 -9999 -0.426495021656881 -0.476451639853843 -0.354000018868492 -0.37329267254086 -0.280364499644941 -0.273409177576875 -0.196368906493359 -0.117842032566651 -0.0394385832281811 0.00762934215450623 0.0545780177466314 0.121503881256622 0.16731926099359 0.229444977655618 0.307313692354184 0.352968162658824 0.348362652865895 0.335565436199445 0.294849513933722 0.23574158856143 0.155247251746909 0.116786168001957 0.104764802778428 0.108311279789759 0.102012307504961 0.1274142220671 0.0741213317727543 -0.0035269764582872 -0.0901691708713827 -0.109160069181183 -0.162359193960785 -0.1356397253003 -0.186897208986886 -0.192696891842839 -0.197322933850652 -0.212904296079044 -0.214303226829135 -0.248193972806521 -0.238747221207324 -0.239302850140229 -0.238966612715619 -0.257644820757308 -0.289931913181633
-9999 -9999 -9999 -9999 -0.354952574069899 -0.335805461055793 -0.274288650939094 -0.263375070298294 -0.202824124098739 -0.137516351686205 -0.0613104302849099 0.0186867486885724 0.079237378629511 0.123320900122766 0.184079231606109 0.205848316070031 0.30031715122125 0.363954255473185 0.376859262433604 0.355726520615852 0.315650559300395 0.254600546421159 0.198490856553332 0.138112868189033 0.08551198284837 0.10273227035955 0.0834099039195279 0.117720916205443 0.104800794509882 0.08599849711767 -0.021290462200841 -0.036002062218365 -0.0831206098143916 -0.0848849152489739 -0.138641391610961 -0.11640005316895 -0.181855357869826 -0.163300202564606 -0.185522984699269 -0.222124450074 -0.23361696276159 -0.240644904480512 -0.235422720924533 -0.223581282162629 -0.208102873177405 -0.156344019985485
-9999 -9999 -9999 -9999 -0.311080786570202 -0.253424448055445 -0.249597075272831 -0.184324332098602 -0.155176171806015 -0.101814878547861 -0.00405809486188301 0.0900158047892151 0.137454607452899 0.203064022884172 0.256854190728423 0.30960980764002 0.34194962553331 0.384640057297921 0.393368434220151 0.337201835526379 0.302627128888502 0.204106792629421 0.163209145585057 0.0744961488283243 0.0837571815479676 0.0440545358540916 0.0893026540808589 0.116391669470916 0.0891149037082749 0.0365405919711254 0.00583075400451903 -0.0520707747530947 -0.0534422537347651 -0.0806990998230479 -0.0894934690687245 -0.132661896361681 -0.147293687349447 -0.141809575299354 -0.191494424269277 -0.197932571909319 -0.207810032619214 -0.229733980414123 -0.210957329641033 -0.198472450863464 -0.172335504474664 -0.198293134479746
-9999 -9999 -9999 -0.159296513269845 -0.17905791187094 -0.214121854889164 -0.142880413207063 -0.136465797889581 -0.0917497653990766 0.0220501315096015 0.0908039058823533 0.2085054969079 0.241444628420318 0.273946602839753 0.292976577835058 0.329672921244301 0.360128109893436 0.373003367040859 0.368081162694614 0.329642598142116 0.222525201557162 0.144164409389668 0.104241210306007 0.061300740628452 0.063838192102362 0.0767029599484682 0.0698508091575644 0.11422084254212 0.0741270760633351 0.0303534650342536 -0.0206494776610158 -0.0410775358512651 -0.071385426883114 -0.0648686000637909 -0.0863427346238284 -0.114966920147339 -0.106921729111551 -0.122939849306492 -0.131322208174679 -0.171894866222224 -0.195105086669776 -0.196445804939028 -0.200903824671101 -0.17018464248847 -0.16065333360809 -0.124813975398253
-9999 -9999 -9999 -0.0367173169229476 -0.142732178719539 -0.0962734291572049 -0.0989882390718933 -0.0473181658256397 0.00638170329687499 0.0638171740261657 0.169184988026812 0.24499694419787 0.284061543983836 0.305721898484491 0.321985509069734 0.334507100469975 0.348894526865938 0.31446778551486 0.298854079539024 0.254768595423882 0.190012756781827 0.122971619719073 0.0639070109143112 0.0300315002826638 0.026000461405903 0.0673871494743541 0.0998998324121841 0.0754332997965387 0.0618953422446999 0.0149478864067474 -0.0173535480035377 -0.0556518446469412 -0.0621472628190996 -0.0770111377776139 -0.0995843946930211 -0.0941867382219841 -0.0925657655583165 -0.0606537793616852 -0.11552510255544 -0.155323529986652 -0.154545645663421 -0.187736742721576 -0.150391255626843 -0.157265673346363 -0.132774368759191 -0.118381391421686
-9999 -9999 -9999 -9999 -0.033701530201957 -0.0819351284654856 -0.0382879218937301 -0.00358198952799815 0.0270479264585689 0.129506591587561 0.195537157933327 0.295444713599001 0.309354909331011 0.336815107878099 0.311396368058972 0.28969447424764 0.264299173730505 0.316420126053462 0.295418732047147 0.258027291347473 0.17282261834549 0.144122490049732 0.0429089328503711 0.0483277150444574 0.0420606513451745 0.0700985199935021 0.0427574540020194 0.08137604225713 0.0573137420915065 0.00854759708597422 -0.0299178638218445 -0.0578644337015234 -0.0850349638785382 -0.101465524363408 -0.0888437399261522 -0.116566814430984 0.00721011127843465 -0.021251974665252 -0.119410343935035 -0.121843218885374 -0.164681163272313 -0.141105138634879 -0.164758919972815 -0.129007029448264 -0.12434108136142 -0.083037003668412
-9999 -9999 -9999 0.17606810584777 0.00345747671996552 0.0164055079020229 0.042482789524232 0.072287547754632 0.103505799344614 0.124645207281542 0.217177952093796 0.274494291154273 0.356388341202251 0.308136508424362 0.289967983115462 0.27872068032423 0.249206490328525 0.324512136401273 0.335162362424881 0.238322548417797 0.179276259652511 0.129959421709154 0.0932461264821556 0.0208577842638756 0.0389592278778723 0.0272188828761193 0.0489722597443179 0.0030769320679859 0.0644337732565353 -0.0136719249158159 -0.0388000931804419 -0.0706556351114608 -0.105050512581295 -0.115933699242129 -0.146913483153271 -0.131537581887031 -0.0706122525316507 -9999 -0.110949857973399 -0.151820683827851 -0.116857440111019 -0.153703265854501 -0.10794203964066 -0.14436053170977 -0.0993702615673774 -9999
-9999 -9999 -9999 0.204006913897333 0.0526132940996875 0.0363763919951271 0.0681005455949171 0.0765590907919318 0.115630488070055 0.186959988683045 0.247375390502567 0.299376770432992 0.31822044361487 0.335499735186822 0.311874809417522 0.28699418597031 0.301021330635148 0.32297158823942 0.398798050302002 0.293917860253131 0.225014126191547 0.15707645037618 0.0868860410229153 0.0306053947656563 0.0418833251055492 0.0531793263539466 0.021346980881579 0.0373179592949233 0.0312838897321435 -0.0155612452757068 -0.0595485527208783 -0.0891980913024543 -0.128592804945193 -0.1308146982559 -0.136330794320929 -0.155349566677334 -0.0696170208301778 -0.13249602259007 -0.144581934110858 -0.13343215971249 -0.139380353878586 -0.0794259187673041 -0.13329540643456 -0.0998851462203191 -0.0941156291571941 -0.0377742373738143
-9999 -9999 -9999 0.194698588424135 0.08257266118405 0.0519285293353269 0.0833548961767779 0.125740988287712 0.129154202298072 0.180467961962816 0.238996008108312 0.301032592923487 0.367173294816054 0.327788267597247 0.352141967856467 0.290983554664733 0.372550816456383 0.317137059533109 0.327774949733568 0.365273695559104 0.270537134598561 0.233278421115138 0.168801550778866 0.0534357819170592 0.134267405392366 0.0570032393048764 0.0561320950495145 0.0300165291720355 0.0307434366732406 0.000577404265848687 -0.0276010306028713 -0.0699165938209019 -0.121891635494501 -0.118457818568039 -0.136935460019699 -0.124967604162123 -0.137735193863758 -0.155031127170007 -0.15456966479469 -0.156380534396697 -0.117321529682616 -0.110028035575926 -0.0688099784470677 -0.11555157916944 -0.0528265840982136 -0.0448509476913008
-9999 -9999 -9999 0.168485187388889 0.0529657669108311 0.0568809667189452 0.097895391534824 0.084840983881168 0.143722749144039 0.166787955461659 0.225137017553246 0.284394522788249 0.397630473273019 0.373337777795879 0.31170071483757 0.292819378505801 0.271332062232478 0.347889947966949 0.369723605893618 0.341447824611817 0.342003649828498 0.270006765180057 0.123172862554379 0.16129747860934 0.098232104453616 0.0877861237927166 0.0451715499678182 0.041932431856683 0.027813221234267 0.0059533838448814 0.00303123872961981 -0.0781597991903264 -0.0893966715733708 -0.131838775287139 -0.13085473318068 -0.151716520959766 -0.13206824596184 -0.164085498711591 -0.190458379140018 -0.169536529969777 -0.130660256628053 -0.0674224693948268 -0.102537904823632 -0.0720671891756429 -0.093626582300734 -0.0275405623484714
-9999 -9999 -9999 -9999 0.109631193563649 0.0373110592848448 0.0856464548851587 0.110943629363691 0.0978924578040491 0.133975826209157 0.188762552804326 0.300310567897765 0.349100598122156 0.368243608555748 0.338633289578533 0.289588656003766 0.29819337052455 0.289992538147161 0.327718118524275 0.322033726560296 0.327831123226155 0.187461683484292 0.0440816852259757 0.078231166266808 0.0936554137477097 0.0401816231123592 0.06076303819358 0.0419924591323452 0.044058162881586 0.0439963170691274 -0.00161830180310296 -0.011483674316316 -0.0948388441593412 -0.0901343702223733 -0.136082113381572 -0.112195351311212 -0.13481188027623 -0.151880463940858 -0.168616287271497 -0.181659561815869 -0.135219346266011 -0.109773120200304 -0.0877684938459 -0.0927569423393767 -0.0784043028908025 -0.0558458483976504
-9999 -9999 -9999 -9999 0.112662000441795 0.114547702156445 0.116509864646146 0.135390004951538 0.13275132857536 0.126441453962719 0.187454914069107 0.236227982216232 0.319964777887364 0.281232666091641 0.341383098380586 0.269440386899711 0.277604612317728 0.219790647682577 0.268284560465455 0.235647956718982 0.231749943969087 0.0474812099591104 0.0505438950888859 0.0510666596503806 -0.043195033594563 0.0336378573135056 0.0359194952354745 0.0709214505087249 0.0781051287544991 0.0605730733559224 0.0511724056055592 -0.0216641694499482 -0.0314579872703478 -0.110907819612863 -0.0949589832025787 -0.124410417524323 -0.118442248775906 -0.155199368844905 -0.167419804140989 -0.156086064204167 -0.114049766903716 -0.0945001536512509 -0.0896791078352698 -0.093022269857618 -0.0755678337017797 -0.0843350702505226
-9999 -9999 -9999 -9999 0.173246835221392 0.126935823819984 0.124898248112494 0.144999369611056 0.105503167809935 0.115672694383395 0.101058378567738 0.194485544777084 0.16418374746166 0.24964276811431 0.285247438576944 0.217962959707638 0.176328329804902 0.079454755110309 0.172654960790364 0.108962162379133 0.0851095498686121 0.0778950107383383 -0.0230715739492756 -0.0212656831076423 -0.00243494907533137 -0.0604829760059174 0.119689397145622 0.113306849139206 0.111010490996678 0.147260702552074 0.0949589541055206 0.0701132197927285 -0.0359175934104441 -0.036749298083748 -0.0636932940620003 -0.0791151151265447 -0.144252681182977 -0.120529051692175 -0.1531571841392 -0.129836873697941 -0.137975362407734 -0.0877857470678453 -0.0972381157758268 -0.08437188892992 -0.0941125183828052 -0.0773568128169186
