Data/Rho-mean.asc
NCOLS 53 
NROWS 93 
XLLCORNER 376490.070567719 
YLLCORNER 384721.488324056 
CELLSIZE 4595 
NODATA_value -9999 
[rows 40 to 59 of 93, columns 0 to 45 of 53]
-9999 -0.688637488063086 -9999 -9999 -0.633658458646314 -0.293017275191128 -0.15204921610163 -0.143541707886746 -0.0836975227036377 0.198805262792918 0.0361435058323577 0.24153613814957 0.273894251625072 0.0170217068781809 -0.100531800671404 0.00716274958834852 -0.0730968352813008 -0.0874762447188006 0.0572712611389243 0.109095785750741 0.285164881471815 0.366326348027776 0.564747661990643 0.729751292686788 0.321306050413878 0.280745971560041 0.160537595652307 -0.158934482970966 -0.136451837881024 0.0609086247294316 -9999 -0.0341684507266898 -0.231495411996548 -0.267129759944491 -0.122090084438294 -0.33741480047165 -0.248281814556341 -0.0895766592463006 -0.0300862702813472 -0.040903072093303 -0.117919253932283 0.432282046680269 0.010276690601812 -9999 -9999 -9999
-9999 -0.973367346085196 -9999 -9999 -9999 -0.449706844258306 -0.169645871540596 -0.11492590785313 -0.0108001069191793 0.116553804875052 0.166227566528657 0.161907124434433 0.0478251413658118 0.278320538992462 0.0368849698556549 -0.185093924550491 -0.180602610576761 -0.158411003257795 -0.0449773567807988 -0.0105206409592609 0.0186737641658934 0.0409124931377295 0.317440320583389 0.509416394740462 0.0207491878664056 0.074956260142284 -0.0172699603412331 0.107837942432245 -0.0471565361596674 -0.0485893115585894 0.0697583369856052 -0.0244806485236783 -0.260757377167121 -0.34737113828131 -0.236896570118908 -0.277873450527407 -0.505641581247882 -0.172367752914629 -0.160533579723727 0.00814754215461364 -0.100400554797889 -0.255449529289872 -0.114916753408419 0.876959700591642 -9999 -9999
-9999 -0.788137077684301 -9999 -0.255293717470492 -0.953738010486252 -1.141170650306 -0.490656236595186 -9999 -0.0495314266322015 -0.112680173591587 0.226676401444966 0.476950274766271 0.151542018864351 -0.190732614025791 -0.0149208117727938 -0.234341978191801 -0.0913506847630098 0.131713291401369 0.14880685857655 0.0776968477141921 -0.12867142699523 -0.0846121326817941 0.041804085465958 0.179825083136158 0.318576990309291 0.158824172738051 0.000354673084979949 0.00909983497652546 0.0112662537824723 -0.211492358328116 0.0772338548931138 0.11460803974416 -0.273479478745997 -0.281010685705102 -0.170124500362793 -0.333156197970378 -0.340811767245426 -0.275664631276995 -0.307370753994611 -0.0161239125951563 -0.217747729846923 -0.192568697938105 -0.262526415422844 0.0729629648326065 -9999 -9999
-9999 0.106068720579459 -9999 -9999 -0.980614792550883 -1.26362481758672 -0.779379980915285 -0.199616377904849 -0.154786003209387 0.123781189873956 0.168452222508071 0.0950615230807966 -0.0140705219165846 0.00267760957252284 -0.0661825540031691 0.0309599842664596 -0.110016212610185 0.143317312188407 0.0870532938568466 0.191058999172569 -0.00831517501137098 -9999 -0.0528738527447209 0.294556977799927 0.181105930775882 0.115375913360363 -0.0410216229407782 -0.18783594012112 0.0171375785434413 -9999 -0.0570436241442093 -0.151667625349806 -0.414252042710616 -0.32088248771545 -0.27788645857746 -0.294080216756507 -0.369670672914209 -0.457836186754535 -0.316422035088837 -0.160251421034874 -0.312310820820573 -0.05724229012125 -0.155635499926325 -0.234175583874133 -9999 -9999
-9999 -9999 -0.647806238391851 -9999 -1.21137706580642 -1.67758554180009 -0.620351336493187 -0.391978127613609 -0.32779224547264 -0.125805927211981 -0.00489587181219588 -0.0599910506235535 -0.167294220219091 -0.226644297150572 -0.223384259042871 -0.19351691521956 -0.0239803957798076 0.049086308385164 0.289381149025932 0.398361185775703 0.303455082829876 -9999 -0.00760364066775936 0.215310515422616 0.131094895465032 0.056405014809958 0.0813557967495307 -0.0923147188780635 0.0285677282528426 0.0389028905936941 -0.105328978931931 -0.232497344065209 -0.43261804051946 -0.472441109412637 -0.292935830398828 -0.331451721097138 -0.265006844902649 -0.46342156389559 -0.246928030274039 -0.114410875806938 -0.411829977866252 -0.16451804849923 -0.321887374670488 -0.16909615816474 -0.194746808891283 -9999
-9999 -9999 -0.805764192013977 -0.53471770558632 -1.26495124323783 -1.1517089961023 -0.905408952976385 -0.610791765280104 -0.451649147222346 -0.446084911590589 -0.331528997390695 -9999 -9999 -0.363557098046436 -0.377973447143711 -0.0356387195740031 0.0933879950449639 0.294189301016441 0.35744828662522 0.583769657400735 0.671219952535467 0.352164054222898 0.316088989195677 0.131228139482187 0.0293514713276968 0.205116377957985 0.134532834417787 0.0726278542108117 0.28035345184524 0.253390322739145 -0.135754505555371 -0.432007723695847 -0.401157747506471 -0.41660979624423 -0.306341073991559 -0.230509299086922 -0.196460084377109 -0.207226901228496 -0.107672266771101 -0.175829822264908 -0.221218855063576 -0.138551232525714 -9999 -0.202636262557932 -0.519684493676084 -0.25080275955286
-9999 -9999 -0.638876063529708 -0.769934271682726 -0.769562949591733 -0.345039490130077 -0.712553609907139 -0.585826682051597 -0.52133888235821 -0.48740489030599 -0.281211647972652 -0.365950081910666 -0.289709954266139 -0.388871249342326 -0.216744312761457 0.0146656978502618 0.157745621310071 0.327348379991789 0.260770573490504 0.525403411391477 0.542009929965423 0.347655101989202 -0.114162104436347 0.0921664033614928 0.127598585456747 -9999 0.302802455245871 0.0612475503692316 0.420251297825579 0.0206343114801186 -0.201820046920084 -9999 -0.460294012066661 -0.135520221043303 -0.0822809905475577 -0.15355046185563 -0.238572206529194 0.0518811981165823 0.664128208405783 -0.130508082897846 -0.151942830639126 -0.137979441082231 -0.0466844303789037 -0.112897702890179 -0.105584912832033 -0.641237216446681
-9999 -9999 -9999 -0.507890752075216 -0.734976730276266 -0.243742421673916 -0.564484023176293 -0.408072235808787 -0.594916759735256 -0.455870379567113 -0.247824418677127 -0.16181069178613 -0.161184903896934 -0.148621767505462 0.0626298925473214 -0.0609016062910858 0.0729915864067317 0.278596888133213 0.455776314353123 0.425928499548078 0.391469740036521 0.466001288996961 0.0867549700126534 -0.0516080060430912 -0.0116184616057995 0.00502210510580193 0.203228893391616 0.0854487571493098 0.303556113495897 -0.061342810602168 -0.0822016522558168 -0.159570166030496 -0.142798955939968 0.0875990469286716 0.0370988855836604 -0.0528505345768074 -0.220340235179699 -0.0530999743110954 -0.153859481925741 -0.182036682684216 -0.202147541129345 -0.168034319152144 0.073673984237205 -0.00366747858046521 -0.262050119676283 -0.735920731112937
-9999 -9999 -9999 -9999 -0.519902050395938 -0.285209488777372 -0.382176356248647 -0.357216559665704 -0.414352902580608 -0.261533737635951 -0.128427034202223 -0.00498408922022486 0.0390659121246443 0.0969518063359452 0.0825284584537179 -0.0418857269312752 0.280997359919637 0.478573684562868 0.49369129489395 0.418728815556413 0.441231405716591 0.152382687857458 0.104029738236297 -0.0885293705066424 -0.0522168440993912 0.1143962036402 -0.126425324180917 0.210307054523652 0.0617334340215724 0.189276228666926 -0.169252267361729 -0.226534292239312 0.0726808682706016 0.0605097836247756 -0.0692971290710063 -0.0189535908130746 -0.326630872865114 0.0836535395880511 -0.164700253875637 -0.212071365500742 -0.1906105217086 0.0715262709853024 -0.109127270831254 -0.159053881962209 0.138259801137706 -0.081358803829481
-9999 -9999 -9999 -9999 -0.551651695644456 -0.480806667219956 -0.322018102299058 -0.280998484763495 -0.253902118185655 -0.253119919124517 -0.0863805831877454 0.123641178822301 0.117782819490462 0.208172429296753 0.339050522632426 0.370226683592589 0.386086084386735 0.499205824551411 0.496439665876499 0.557068777292083 0.267190387134615 -0.075109649784869 -0.00383607648916974 -0.219795843109627 -0.0458662996904978 -0.273300630023425 -0.0730040955858011 0.215427323026823 -0.0624276819637234 0.108007249944748 -0.186510777035272 -0.263658620552023 0.0568030603754351 0.142821625707917 -0.0609935115362281 -0.148285396725342 -0.213414197721924 -0.14081513556054 -0.280636212986276 -0.463362700682216 -0.321244937420742 -0.324542416788736 -0.0226268645186691 -0.155447945711226 -0.165622966798675 -0.015939004025248
-9999 -9999 -9999 0.113895076903647 -0.352140546051188 -0.368346868776613 -0.140254443442622 -0.215432273115005 -0.199355541339902 0.0812579497594543 0.219012978865944 0.42563824643911 0.44150319330136 0.429892226322076 0.356123737596723 0.432339328113311 0.474359057434048 0.413868734393867 0.448354285025381 0.375201910132449 -0.094403695979522 -0.274817804570915 -0.113895857037696 -0.25616273127866 -0.19559043234483 -0.134274715002281 0.102563097998162 0.313222560488119 0.0192502218623365 -0.0177582061012144 -0.280630874438118 -0.30016101535432 -0.0537749945196318 0.0105575024725771 -0.0132816795668629 -0.0939977365490103 -0.218363755814656 -0.129092208339067 0.131221207210304 -0.241593508117666 -0.324124225457723 -0.0608947778555414 -0.372188125204396 -0.264569215631774 -0.0227656612645981 0.00552185156262252
-9999 -9999 -9999 0.191186049625671 -0.176225704326046 -0.163946948431729 -0.0501586999360307 0.0399219021570299 0.113291607856636 0.188005039525917 0.361740493732948 0.461956020501398 0.401355366595229 0.379789256363627 0.294486768049891 0.395955841842641 0.376761097957552 0.150788768783162 0.0865352262597586 0.0665967237890298 -0.155575691073295 -0.188918800516353 -0.281844955298305 -0.233641746557934 -0.180684005948457 -0.0154352460985721 0.162078621792898 0.192426813673295 0.203787900839139 -0.045705301394454 -0.135132003441293 -0.156180285877693 -0.122433674153819 -0.0459963934565875 -0.13321033191524 -0.0502833494695314 -0.124964912524989 0.0569282395926135 0.127259910055673 -0.153496724829059 -0.248795449416749 -0.251967807838702 -0.0575020977674477 -0.318107483282762 -0.0467181431182777 0.176522352190113
-9999 -9999 -9999 -9999 -0.149271927976366 -0.19612056260267 -0.0834313152535143 -0.0437296611349317 -0.0168093448477277 0.202969694041917 0.240288896837534 0.367042440970563 0.379695774063458 0.344402687620665 0.206246429418332 0.109401880042805 -0.113246311682405 0.234560739652799 0.192318701453935 0.115786486799149 -0.143249746806701 0.0878728880193934 -0.0811775497922902 0.0140718268499749 -0.00528061185438364 0.0282240138287394 0.127478114541511 0.186211915553701 0.347703879753262 -0.177927067054807 -0.0213185794126397 -0.0406112430450842 -0.165871599110959 -0.130419750179929 -0.161998932480227 -0.385300188791466 0.168225106228705 0.289807341502054 0.334680952668012 -0.138544238875161 0.0617917898613579 -0.296723352097524 -0.331837308461619 -0.168734369376509 0.107971181258009 0.242416408655232
-9999 -9999 -9999 0.642164709567355 -0.052703394495019 -0.0597226551688049 0.193237504134826 0.157945131231361 0.0796866699334592 0.0364134797600122 0.128296938205234 0.242743529402585 0.471170872808602 0.136429173409109 -0.00856625493059401 -0.0437276084375746 -0.311055882492174 0.353465565560962 0.534601750205458 0.0150651461624856 -0.15026271902928 0.0713083142778522 -0.0570425479764061 -0.277589031479504 -0.120722913369814 -0.110874335808484 -0.239061435152113 -0.28758884556761 0.409084735113308 -0.181365187945703 -0.121214049179755 -0.0652577580918962 -0.231660066632069 -0.164207662536551 -0.338236903640341 -0.377874115665936 0.0141453035373429 -9999 -0.0953686541371545 -0.207774208621593 -0.113748771066536 -0.173340847905167 -0.0109242341084665 -0.229716063884871 -0.105354041483512 -9999
-9999 -9999 -9999 0.568265033108896 -0.0931991300109171 -0.104624786234264 0.0903169753895382 0.0444487485507841 0.0284971324659035 0.206997313871056 0.241887867149941 0.276365460841878 0.218911636180753 0.159075411679487 0.157702909670062 0.00720775058949443 0.102850024045813 0.180528444703473 0.608328850237845 0.153870870373542 -0.0438300534489987 0.0289519689636548 -0.107567221371493 -0.246338912734431 -0.0842518310054817 -0.168967609408384 -0.196462569302115 -0.156826756628507 0.238260101157234 -0.177802714116504 -0.233638594548412 -0.211967016440033 -0.335603695490384 -0.260308997421614 -0.276077948199167 -0.367349452075107 0.0905427792731306 -0.350643604390322 -0.429418938868662 -0.431349011882352 0.0407598127489738 0.0752871606809486 -0.156270584291301 -0.457125968925383 0.117395361040481 0.317949933978643
-9999 -9999 -9999 0.692931108824207 -0.0137171324281992 -0.181220064379561 0.0845778160414907 0.144291884850617 0.0872464936720222 0.0758645008359508 0.136158188415389 0.270926226076482 0.366083291118105 0.112048116257708 0.263672132761309 0.0547065122004569 0.528564172141545 0.0922011300711824 0.104325440735597 0.327879601094161 0.174017776148744 0.304735010072015 0.124277230650166 -0.119949051051733 0.183862722761034 0.0951775523027428 -0.152368823611183 -0.120392204822043 -0.0567669307610294 0.0167438118072237 -0.0516699950268559 -0.0946561660995977 -0.30609778558299 -0.225840132435408 -0.133602612505436 -0.375043087640975 -0.34959226921501 -0.349870931918602 -0.664271105065854 -0.452768580812711 -0.222235904160979 0.21612819013941 0.300574039968661 -0.179388893718091 0.0237128916483453 0.165769147938148
-9999 -9999 -9999 0.421819543334106 -0.191670842627386 -0.111416359353452 0.106537421555087 -0.0757015778811826 0.0566117297336899 0.0465269469476755 -0.0230044701237985 0.125014200322202 0.490311468388667 0.382185007306823 0.0540152512875583 -0.0858080838568964 -0.277513077519748 0.314755339576081 0.447625492804451 0.291893484117774 0.438498766369575 0.417623801907598 -0.197600076614676 0.239722438275819 0.13667716849847 0.115490755673619 0.0197093255334637 -0.295529069175715 -0.195555477627514 -0.0350970426446627 0.00788996574603007 -0.122623664460821 -0.236204904520512 -0.310852719782705 -0.239180397205945 -0.16298316797909 -0.2909324653786 -0.536492807892466 -0.608697240483294 -0.525845593362444 -0.0874057675632936 0.401598388965494 0.115841494059546 -0.121403265838416 -0.0451159608207559 0.223553125915907
-9999 -9999 -9999 -9999 0.112477195452099 -0.208769233513893 0.00984850078356942 0.0202280766022374 -0.211975000235369 -0.270138544891324 -0.0631862534569475 0.180115193286051 0.398084380415536 0.33531698297229 0.173743255070776 0.129730001893726 0.174175521347448 0.178002459076053 0.290249740855569 0.449950243514481 0.59767858738532 0.0573834969785005 -0.600465924052435 -0.0984452654621998 0.0139768621449894 -0.0683764253943545 0.038520934168236 -0.0263118660610982 0.000543745609592038 -0.0838012921252851 0.019923956247292 0.0499547028634069 -0.294150099660442 -0.223183864735018 -0.481772631817892 -0.17353286503339 -0.0718244093031921 -0.283022314753861 -0.518742514744468 -0.473610799607191 -0.0886523328165189 0.294198207789558 0.169805928671746 0.250582511790592 0.054284758681843 0.0854495094197809
-9999 -9999 -9999 -9999 0.134504634489307 0.0204264320194333 0.0529056364712749 0.0951113079707238 -0.0366546886615145 -0.192529621630044 -0.0665000145235772 0.135766892908251 0.204635656433831 0.00749708114691829 0.309689603552766 0.128118320395854 0.276690111401802 0.0192751620486595 0.259575921970545 0.104163418767273 0.182757730545806 -0.390376058106133 -0.464164051705302 -0.17495693060266 -0.403987760007176 -0.352763049536465 -0.188169550315697 -0.132496096379935 -0.0734683764170227 -0.0608798177867127 -0.145506276346846 -0.127856620423713 -0.155918791608697 -0.215358270404544 -0.350788241336767 -0.16612796448884 -0.0708697177966146 -0.228657970803849 -0.284749797713431 -0.228500485395915 0.0343100010796066 0.300058096387032 0.0793298161145164 -0.0235351927869846 -0.0537038696322259 -0.340951325877803
-9999 -9999 -9999 -9999 0.194832533360408 0.00631380311813775 0.04730959975095 0.127178422905187 0.0203795834078697 -0.196975361426779 -0.233969634825994 0.033668571948039 -0.209423229513719 -0.0565529701298159 0.320238258745116 0.108977209738368 -0.0796107618375931 -0.498471435381869 0.0133524715223029 -0.162829578177591 -0.201097782310757 -0.0509645847630594 -0.571122569957683 -0.431588838278266 -0.570092087783435 -0.698453525790326 -0.0107106294597654 0.0279444302891201 -0.131014819429354 0.151651617130475 0.044066794913462 0.0678351006879283 -0.287079415310142 -0.244079834681534 -0.0951489331645715 -0.162800806221511 -0.292838662398554 -0.149335226312919 -0.179916180321156 -0.144667277026496 -0.122208052453842 0.176844882264063 0.188642326360215 0.194170575599323 -0.199929441910636 -0.0444520258745471
