Data/Rho-mean.asc
NCOLS 53 
NROWS 93 
XLLCORNER 376490.070567719 
YLLCORNER 384721.488324056 
CELLSIZE 4595 
NODATA_value -9999 
[rows 20 to 39 of 93, columns 0 to 45 of 53]
-9999 -9999 -9999 -9999 -9999 0.301279223644383 1.1613850772833 -9999 0.170958749483046 -0.238522859679294 -0.299532605941954 -0.397126569726558 -0.275339441716907 0.0141222357520122 0.112557375038674 0.0662847299217512 0.0117132496762106 -0.00337197206811249 -0.0313060860891897 -0.0448535114001526 -0.0274165328975957 0.0859023395782236 0.13938224610361 -0.0790427443458042 0.018949675813444 0.00923130067781747 -0.0445471296999616 -0.146719405873154 -0.181350453709709 -0.197573929607375 -9999 0.514932444569603 -9999 -9999 -9999 -9999 -9999 -9999 -9999 -9999 -9999 -9999 -9999 -9999 -9999 -9999
-9999 -9999 -9999 -9999 -9999 -9999 -9999 -0.445173915512025 0.0668954707655941 -0.0128812964584367 -0.176554084768722 -0.221383365535296 -0.066467332273906 -0.00548564544568924 -0.0708823627235864 -0.0621846122632832 -0.0493794969262925 -0.269111336916949 -0.304801725861663 -0.255367329311393 -0.12261471127448 -0.159180475869523 -0.0113460926022596 -0.131923475004018 -0.125136135085217 -0.0286713272684445 0.060714410737412 -0.042150584312376 -0.101485920488974 -0.123855004193496 0.399208130411132 -0.249411754017144 -9999 -9999 -9999 -9999 -9999 -9999 -9999 -9999 -9999 -9999 -9999 -9999 -9999 -9999
-9999 -9999 -9999 -9999 -9999 -9999 -9999 -0.45153121429497 -0.521882547289437 -0.0525798402588866 -0.0909455964073054 -0.263716344572731 -0.0215220332801502 -0.0105971785730442 -0.0329240301150832 -0.104223711072597 -0.0366384621179943 -0.131107853612177 -0.309441869927643 -0.318001097795131 -0.324655442179544 -0.333235690074063 -0.327616741786664 -0.173305792548016 -0.0921352031271702 -0.0423923676974633 0.029342124534876 -0.0871433058186847 -0.138318108637255 -0.0728706839497784 -0.219893614681144 -0.126430532631143 0.142111900400184 -9999 -9999 -9999 -9999 -9999 -9999 -9999 -9999 -9999 -9999 -9999 -9999 -9999
-9999 -9999 -9999 -9999 -9999 -9999 -9999 0.322976687300878 0.178624713828654 -0.366354753441106 0.0819009583382627 -0.101948769494523 -0.0721046239174457 0.00214711679775627 -0.0263090813646793 -0.0558549094402101 -0.0174142138796786 -0.0437191997749017 -0.276257455445662 -0.382131750024534 -0.193073988655387 -0.252550137525572 -0.140019153241612 -0.066420856254806 -0.017685042444278 0.0252673645158716 0.150343080846673 -0.284015821304869 -0.169961921749814 0.00237311188216699 -0.0549345008535565 -0.249643247953618 -0.309099829333116 -0.0451871568981113 -9999 -9999 -9999 -9999 -9999 -9999 -9999 -9999 -9999 -9999 -9999 -9999
-9999 -9999 -9999 -9999 -9999 -9999 0.546465577787309 -0.102026178936624 0.0281853513189753 0.0903616633022111 0.119567573525598 0.0171999724372579 -0.0529773802625714 -0.0973370858993327 -0.105939293082377 -0.218650985342651 -0.301983687885814 -0.303884546568091 -0.273359626346753 -0.457807176639941 -0.382006559902699 -0.462438799217782 -0.323595146766332 -0.149310462853202 0.00810527008575272 0.0827551792746791 -9999 -0.060291699357022 -0.168286657097492 0.0876600682173474 -0.0998981674158052 -0.112432381954795 -0.337830350124769 -0.302740874817237 0.153396757151526 -9999 -9999 -9999 -9999 -9999 -9999 -9999 -9999 -9999 -9999 -9999
-9999 -9999 -9999 -9999 -9999 -9999 -9999 0.0161874003661207 0.0867020283726764 -0.284784202202499 0.00316760561442311 -0.133855252248932 0.0594505621245229 -0.0735906062736868 -0.18606739710483 -0.150421518141452 -0.209033030411814 -0.493117492023899 -0.431288991524784 -0.484236885349486 -0.375535144676468 -0.270676948829735 -0.0914182436332193 -0.0149452902165389 0.0433424325128428 0.091891311583805 0.26025488678977 0.1712886781347 0.115328461077053 0.105381874215106 -0.0409199911009904 -0.0636924652723044 -0.154365077458431 -0.270856265886107 -0.170793595820922 -9999 -9999 -9999 -9999 -9999 -9999 -9999 -9999 -9999 -9999 -9999
-9999 -9999 -9999 -9999 -9999 -9999 -9999 0.226392692589954 -0.060605042092108 -0.12493244579655 -0.188499887271357 -0.0518750079194816 -0.0785021181045243 -0.187857962382976 0.167343816656521 -0.0927213118140809 -0.0922581707264546 -0.258896609446663 -0.332486504118657 -0.598080811844332 -0.501538968506122 -0.202653734571884 -0.0664972953456123 0.0721127642600513 0.166252146767527 0.160462121018337 0.239073820204008 0.144124789469479 0.126127818770834 0.139814463216166 -0.0471844923365382 -0.106023741649993 -0.0930278042710159 -0.251102518706041 -0.277561526566506 -0.26384979274513 -9999 -9999 -9999 -9999 -9999 -9999 -9999 -9999 -9999 -9999
-9999 -9999 -9999 -9999 -9999 -9999 -9999 0.166264649421072 0.0478388881608723 -0.133050247496068 -0.177574411760568 -0.0935701673099541 0.106577095927249 -0.155106688078792 -0.108790431338185 -0.114614726873905 -0.134997161389061 -0.374274022111872 -9999 -0.513932769125431 -0.254830900715404 0.0619331933655667 0.135900764545762 0.204654129260118 0.254335597590683 0.326310023132385 0.291702809129558 0.371039608677195 0.308011522946229 0.231346569801146 -0.035217234580175 -0.0905858057177631 -0.202144651733648 -0.132705699073734 -0.219361954553812 -0.287405419929244 -9999 -9999 -9999 -9999 -9999 -9999 -9999 -9999 -9999 -9999
-9999 -9999 -9999 -9999 -9999 -9999 -9999 0.137032376552625 -0.0913456187517329 -0.118670053331184 -0.0353200118614449 -0.057601931560822 -0.0337629962203594 -0.0890379454078369 -0.211556766650734 -0.0572047590447159 0.168091431214842 -0.168456720235446 -0.353643728326332 -0.237835417416084 -0.188120968832853 -0.122834895111586 0.124439829012951 0.314344272993386 0.368857499653191 0.412568449065899 0.352125041867895 0.381324891808052 0.19740322946883 0.157343603084957 0.0329579620238905 -0.0196217804916957 -0.209129761754881 -0.0795235616000466 -0.155111399838034 -0.389669902207008 -0.413250806338526 -0.133586078046842 -9999 -9999 -9999 -9999 -9999 -9999 -9999 -9999
-9999 -9999 -9999 -9999 -9999 -9999 -9999 0.091315341122225 -0.227516522988335 -0.0382016842943869 0.0762668704187315 0.094627735800975 -0.0451710167953043 -0.0330852123260106 0.0876172501025028 -0.0673470417096433 0.121444256115744 -0.0428690200915198 -0.223494465008129 -0.0509260246479928 -0.0684854627748146 -0.186383901690539 0.130619843453309 0.248553767764262 0.324043219734561 0.429635604548546 0.34148582461085 0.265279902482942 0.115185620743295 0.22574718146679 -0.00978450780867443 -0.145688591822941 -0.109113077313811 -0.0187809770493934 -0.182660172144034 -0.558682602095696 -0.774699394965107 -0.199167100546633 -9999 -9999 -9999 -9999 -9999 -9999 -9999 -9999
-9999 -9999 -9999 -9999 -9999 -9999 -0.0920578771459256 -0.0985378156086305 -0.0813114021187949 -0.028572395785196 0.0312817496641878 0.0228875620567446 0.0316779336893532 0.0355140748100933 0.189141599913129 0.00255967524016524 0.172076787524562 -0.019937870928322 -0.208693535382451 -0.10618313620893 0.140880672429363 0.146223952193581 0.161996531540144 0.23709995769143 0.203359644553125 0.408258670782674 0.372787314210948 0.231533068730746 0.230761170165956 0.194702409308324 0.0709028874870966 -0.0385115053961177 -0.082956855622134 -0.148933453518584 -0.269914444812105 -0.762446764102424 -0.898240089129576 0.299671185413587 -9999 -9999 -9999 -9999 -9999 -9999 -9999 -9999
-9999 -9999 -9999 -9999 -9999 0.0597438294022298 -0.34644103573199 -0.298156592847196 -0.320207651931115 -0.211345231562202 -0.0298615260353912 -0.0124691179738617 0.0879750239376978 0.0636536636005702 0.20051546387276 -0.0849034247523344 -0.11981351700364 0.0484199598322743 0.105949899848299 0.0160966006250565 0.0077964277357468 0.129819000492076 0.203472705295569 0.382207496378237 0.360984558606134 0.278966853369515 0.348235281996963 0.279871407489061 0.132472769232409 0.223675357476378 0.0644079393140435 -0.163478136706219 -0.161157332069687 -0.152427039961027 -0.189777621262721 -0.377082469806822 -9999 0.339226531899185 -9999 -9999 -9999 -9999 -9999 -9999 -9999 -9999
-9999 -9999 -9999 -9999 -9999 -0.131994228932298 -0.312309620844305 -0.334266632878093 -0.300120395812865 0.155042672506972 -0.0693846260744967 0.0346729638889159 0.133033095879639 0.22985827532997 0.148590448699684 -0.063592419681734 -0.0193928861448337 -0.0154625360966422 0.20614869525991 0.01875841555766 0.13774848777218 0.262174754928387 0.112167079127349 0.21804782035318 0.199864878726242 0.230271250055641 0.125888560994593 0.0563395800747817 0.377682910746405 0.213443394183084 0.0852228188032691 0.0757702824102114 -0.0665726644165913 -0.129732773486012 -0.257201997358388 -9999 -0.222697459527163 -9999 -9999 -0.0797865012581944 -9999 -9999 -9999 -9999 -9999 -9999
-9999 -9999 -9999 -9999 -9999 -0.446493998442969 -0.482855494559883 -0.268314849884493 -0.0877512093576283 0.104263337316339 0.0278284983964393 0.0899879633700001 0.313636324557737 0.377627268792899 0.281636376967678 0.0533168076111474 -0.0532924792298982 -0.102574458190577 -0.247669975784149 -0.018670821617064 -0.0165114847319232 0.110085978555298 0.0588676623682744 0.0579299270208544 0.289158168869351 0.147288066927845 0.196813519157419 0.122100890384425 0.303370911701693 0.236035507797422 0.141696911967633 -0.0464278845173469 -0.0809882839606028 -0.0827135530275831 -0.482078751902664 -0.452821491506258 -0.253630876869575 -9999 0.241876751688784 -0.158308106609498 -0.228360138711108 -9999 -9999 -9999 -9999 -9999
-9999 -9999 -9999 -9999 -9999 -0.298586403373306 -0.330097453596178 -0.157048985653694 0.0578082567255098 0.154251861652401 0.0844692707959292 0.13670706774567 0.36332389461017 0.502919919012322 0.175161193296184 0.226264418489418 -0.191758637056398 -0.278939198424014 -0.362564462585379 -0.320717356139795 -0.46349678933346 -9999 -0.0595650222033394 0.199857768887724 0.407746751002254 0.263727816677264 0.114883360672906 0.26247170798521 0.267921436692388 0.156907669171952 0.152400735190134 -0.0108491562747676 -9999 -0.336676534039228 -0.372863495648459 -0.231535162090686 -0.303331860997497 -0.223191942567482 -0.224546419589403 -0.0832341243398102 -9999 -9999 -9999 -9999 -9999 -9999
-9999 -9999 -9999 -9999 -9999 -0.379444891490679 -0.274764132702845 -0.143035998652098 0.0337310330495894 0.115486333255497 0.199822697391835 0.228756546495929 0.641792981150428 0.633080393182695 0.129996188782576 0.0259827995771023 -0.376344711660135 -0.673692468455284 -0.850304265147791 -0.311662166247927 -0.223871884307724 -0.210141652666599 0.0351117753339389 0.201668443396069 0.308007375333706 0.353728828489816 0.233445336503655 0.405635100311493 0.249901485020561 0.173923331501101 0.227755135241963 -9999 -0.0799117821712325 -0.396140409297904 -0.28987662409756 -0.187353424872559 -0.442859572693551 0.0251315002340791 -0.0662794948039634 -0.00707479494113604 -0.0847554105136997 0.235811435301954 -9999 -9999 -9999 -9999
-9999 -9999 -9999 -9999 -9999 -0.400531266512241 -0.370040925350532 -0.419987642817765 0.051908126750339 0.0271208977992675 0.197095970012449 0.29253838673424 0.44345736697715 0.346867946538317 0.222422985839506 -0.0830291694012811 -0.319459038347761 -0.643434789730652 -0.620942745542121 -0.530307161008248 -0.210857615205409 -0.0519671489343467 0.0677119872694648 0.300849696882461 0.249047975519502 0.377678722608633 0.33099880256283 0.454452737055932 0.293027322362195 0.272502019932262 -0.056115955573088 0.170563106319439 0.0167896410231197 -0.628321724760852 -0.396537237594705 -0.211234294484131 0.109810363182662 -0.204248077605749 -0.00409061087880326 0.0653621923979653 -0.0909708938511488 0.0730671350381284 -9999 -9999 -9999 -9999
-9999 -9999 -0.00220295782748267 -9999 -9999 -0.360061431192836 -0.378913669209876 -0.362454620489906 -0.041222574680679 0.0796341892005394 0.222728833226487 0.389435376822601 0.501496740339114 0.393545609566063 0.331447756058555 0.0268029562325613 -0.0286522462231139 -0.356765806948202 -0.725232695482562 -0.644320634555944 0.0312583425372623 0.107877064650506 0.200213364077984 0.161468476867769 0.0570601414074285 0.289525197161034 0.207657199072812 0.300394835208937 -0.0243834334321141 -0.0441637573511016 0.0218641802224406 0.180061276875076 0.272193697310869 0.0552717296550182 -0.24212290719464 -0.270492408220596 -0.121244596354909 -0.147198527717571 -0.205098584207483 0.0189747639778963 0.26982507047156 0.0869505865061168 -9999 -9999 -9999 -9999
-9999 -9999 0.551109002376637 -9999 -0.6779956437604 -0.384405109400777 -0.122146071848743 -0.289802288433828 -0.0661633987364543 0.0177787377616425 0.137546392851552 0.194108125648457 0.285647250066293 0.464226529475495 0.381137597452522 0.0950775638530891 -0.106378788053166 -0.270050410032221 -0.318637428075643 -0.139373217557631 0.0720836940991364 0.285397198857389 0.320492556751908 0.374211025046702 0.433655589247772 0.06679310752428 0.226540530799365 0.029580566340987 0.00804101111284687 -0.0195899176808096 -0.16022260293272 0.153647098485321 0.120572655781774 0.0943067899566579 0.0392080559086129 -0.0845022289411114 -0.175576553173116 -0.148005220831647 -0.119974023677849 -0.0322940902520127 -0.0368853864002404 -0.020650974457805 -9999 -9999 -9999 -9999
-9999 -1.25295947495493 -9999 -9999 -0.697438283931497 -0.213615419741102 0.0788481106119529 -0.0818579601611187 -0.0413826770652679 0.332036686807337 0.0673982757521356 0.134115822623069 0.303055531913943 0.336653062051391 0.17856389513823 -0.0203183373460475 -0.12884831272339 -0.0258133139544756 -0.151458223465777 0.400613598483864 0.382466733647372 0.363688495303049 0.572605956051978 0.446122164886574 0.463337089717525 0.17546340199353 0.237350964172906 -0.0883290462163149 -0.0975965280806567 -0.0474381282889671 0.0538499555909425 -0.00112728275240553 0.0718595766897552 0.0760186038512277 0.0857785346646879 -0.101124709316941 -0.111218960945663 -0.0754631626128087 -0.0128035636306831 -0.0751116666780063 -0.10270528538815 -0.0568403422287301 0.188085220045799 -9999 -9999 -9999
