Data/Rho-mean.asc
NCOLS 53 
NROWS 93 
XLLCORNER 376490.070567719 
YLLCORNER 384721.488324056 
CELLSIZE 4595 
NODATA_value -9999 
[rows 60 to 79 of 93, columns 0 to 45 of 53]
-9999 -9999 -9999 -9999 0.181714674240783 0.15714080281735 -0.0834124125859116 0.192079517789585 -0.154135709218648 -0.367721674133936 -0.630751986026264 -0.782798427765204 -0.402536406508023 0.0115883070621238 -0.123839401163271 -0.605436082495243 -0.498309063538487 -0.727575792287785 -0.32620254990198 -0.30763715057957 -0.352794999330626 -0.385911722478575 -0.930201388094232 -1.41398231727777 -0.889345427006023 -0.637549832486081 0.131096502107733 0.243081857174209 -0.0138375678069366 0.228225308964894 0.087221235954783 0.198987249929452 -0.245991639286926 -0.462718334837628 -0.0528987675329381 -0.268454965222933 -0.366982780308977 -0.0746943086240456 -0.116123135283561 -0.100503914606505 0.0350573327091814 0.124847531674932 0.0938420266090677 0.261534132750913 0.0673559133360169 0.103314986517966
-9999 -9999 -9999 -9999 0.187977008462827 -0.118898312504026 -0.162725732984857 -0.348063597455732 -0.705412289269721 -0.612975789947571 -0.904437462626562 -0.707889358498316 -0.708366317692912 -0.214018180793481 -0.440835284960848 -0.354057310563124 -0.221315547733995 -0.760135967318623 -0.512159745522212 -0.181962301102701 -0.772050466254204 -0.704510984850249 -0.767089049557376 -0.914121853182255 -0.853767426973198 -0.195827277755871 0.0329961428748152 0.143392648721522 0.0876941297684108 0.510939963688442 0.321107378260625 0.260893475520345 -0.142317325373636 -0.545551728295965 -0.194440240174575 -0.218237939425919 -0.287337814421018 0.131841207515393 -0.309402514701415 -0.267602788848879 -0.0846390461231186 -0.0237841426485811 0.0165645499066821 0.193496321479871 0.224148427993394 -0.233929291092852
-9999 -9999 -9999 -9999 0.173198023855331 -0.0386819110498444 -0.0991586468800969 -0.089156252425702 -0.116268522987103 -0.281920646189134 -0.550135580878164 -0.259415706639264 -0.282264343023056 0.0761370417879276 -0.324813263076315 -0.435325474539636 -0.594104137041472 -0.706144894971887 -0.345496108604954 -0.302184250561173 -0.766531883205568 -0.831295614053417 -0.859806534406849 -0.25512369956417 -0.236584244743603 0.298790871839702 0.36523204717232 0.459810165567984 0.342089933852827 0.432749676812331 0.192630859294134 0.199947276284175 -0.0379259420466189 -0.292306797472369 -0.201543785372701 -0.0539901137018844 -0.118005736682189 -0.162598511390764 -0.192547567886054 -0.187759229084975 -0.14914944780983 -0.274283608820266 0.0149507346007956 -9999 -9999 -0.259997924274043
-9999 -9999 -9999 -9999 -9999 -0.0784695499332826 0.182554821761958 0.0888143812565274 -0.0470301107377496 -0.122243861705888 -0.529519034626277 -0.297425118036519 -0.215005758715511 -0.291403545222976 -0.0448007323492292 -0.384078031258715 -0.342451929599245 -0.284141078621368 -0.323227337623094 -0.648406693959808 -0.708438616357671 -0.852603238025257 -0.554955595769333 -0.415428206309999 -0.23680280694259 0.443968111673083 0.269767533287687 0.701882492368134 0.608354974716036 -9999 0.0653300565646245 0.372485409127607 0.43007086629026 -0.193276128944404 -0.0632579708382629 -0.0656760747183225 -0.145313421812868 -0.278548217946535 -0.173991516560455 -0.100672860502209 -0.169149215558534 -0.0929346417816538 -0.0305588796406864 -9999 -9999 -0.245101483277995
-9999 -9999 -9999 -9999 2.24439844387457 -0.0254193974129484 0.096270999534269 0.138819082618767 0.00255900606425778 -0.163682249369747 -0.337515404434795 -0.3212066408648 -0.215252066892003 -0.080607460149499 -0.0230715087736065 -0.139827212844527 0.0166561196414598 -0.130377357002867 -0.0851661777581305 -0.374894425614415 -0.561033905709518 -0.681018766234619 -0.407146104754509 -0.682172676776617 -0.0941491931631197 -0.230659085232991 0.135481166829732 0.276804539377037 0.655009745949668 0.585121252688149 0.227523192931504 0.435236416827813 0.513108117495428 -0.0828430433586579 -0.158486430575794 -0.518945052004831 -0.225134190469238 -0.124455784903353 0.0114634190993468 -0.0218119466829838 -0.09398048313055 -0.138191448156044 0.0222452425532288 0.121563827144798 -9999 -0.303232824913889
-9999 -9999 -9999 -9999 -9999 -0.413708387307021 0.230966433468339 -0.12077246458766 0.00598395639009349 -0.267662778546725 -0.378827821165361 -0.353444754585003 -0.384516961527495 -0.120701825892459 -0.00557311479914528 0.0422472689826976 0.338221007081268 0.0466988232586723 -0.259966629633631 -0.780964172887032 -0.953284021860311 -0.748713618585518 -0.592875497429387 -0.621176467825517 0.429336860218575 -0.0922629103960819 -0.264175638525402 0.213714589545459 0.0197937060228325 0.151550981696627 0.0183471244812014 0.662862882370325 0.352722106953563 0.0842367394027751 -0.153332325124376 -0.540942512140092 -0.490332131037106 -0.362523909231481 0.165670555679062 0.00478153058859586 -0.21390282383377 -0.0572199726941778 0.185692199169688 0.0989768828234005 -0.120369011689503 -0.404047735954305
-9999 -9999 -9999 -9999 -9999 -0.225498866486178 -0.168208085932716 0.0327092971628855 -0.183502353388011 -0.0518951391941284 -0.240921826567947 -0.204918261807848 -0.0987352073644982 0.0869061420427184 -0.3810870750266 0.513204179348316 -0.00484799799408128 -0.0711822355551386 -0.381430222069791 -0.345026943808526 -0.586440635837438 -0.505227714176128 -0.346566645346177 -9999 -0.0886693598529714 0.062553649390118 0.0993622751502296 -0.471898809423584 0.41831173358217 0.0933538807414424 0.296268966092196 0.42088977469342 0.0526416046313065 -0.0533179814080193 -0.313280815320202 -0.740494674687714 -1.0468674120606 -0.978148784391595 -0.160844425488597 -0.0164312744581745 -0.196643163545356 0.222712422780201 0.110003574902752 -0.0203140668242965 -0.17889035207621 -0.260659887603948
-9999 -9999 -9999 -9999 -9999 -0.0912673772128411 -0.193640387336826 -0.0254616041582222 -0.0149590237024604 0.078647580156665 -0.0118172236529586 0.213187654288746 0.101016042662899 -0.0632215426693256 -0.272778775305584 -0.336812256212636 0.211633925857973 -0.294160367679364 -0.318727088400248 -0.227711529780827 -0.347329990164875 -0.0709567481817119 -0.188034712199033 0.0190445660565783 -0.420963891416387 -0.173018452061116 0.0891163403568006 -0.0474565862672673 -0.148508300068603 -0.068219880015838 -0.385082068097001 0.180969604720359 -0.155919098677103 -0.53745983507996 -0.421849587135788 -0.320935802477009 -0.777893929884878 -0.979132837425715 -0.304135291011452 -0.0741981010462706 0.0831079263439531 0.340794022837972 0.125855121880425 -0.0149089128300524 -0.336555095761403 -0.149580056118505
-9999 -9999 -9999 -9999 -9999 -0.193444450965055 -0.478225766305425 -0.195170995454038 -0.144803037233808 0.302511737323146 0.236925532984171 0.198044421443117 0.175056547658332 -0.022212866732817 -0.504313006228969 0.195570674988021 0.166772867703264 0.311454371376243 0.264737558628393 0.282293368019078 -0.370900762862334 -0.364030801053192 0.033511661594525 -0.149736660985668 -0.0987570467934516 -0.125100909572579 -0.511722021761017 0.477057627724159 -0.0786512770490363 -0.730094403899735 -0.485017651177375 -0.225518062596261 -0.395047689879536 -0.456611359137233 -0.976744098169622 -0.538776364095994 -0.617632279904609 -0.678796885322058 -0.105052418152029 -0.0393196587194807 0.189832147614789 0.465920507812767 0.448224997662483 0.245852087530002 -9999 -0.508945816556779
-9999 -9999 -9999 -9999 -9999 0.0558682887072766 -0.13642709833418 -0.230961591157849 0.0783977812888773 0.409799827142196 0.266703932878775 -0.0453137595140297 -0.0845214541395618 0.264084152287434 0.0373786637707646 0.0483632128523689 0.240179047059708 0.500290560047616 0.599048777615467 -0.145205431556165 -0.57522420274892 -0.473491510672143 -0.0929787432837847 0.0114307355778507 -0.0921004356738809 -0.367553983436836 -0.509531137949203 -0.0909781824992454 -0.475815844864063 -1.01574509318104 -0.802781226834504 -0.367102371545172 -0.527275317298873 -0.677523472621114 -0.475216779056149 -0.420742307890534 -0.322710472622767 -0.422996377599585 -0.000881246416302393 0.0937436258349456 0.260484349120049 0.41571140280617 0.522958156880365 0.140122664172127 -0.395952390757036 -0.402587773487584
-9999 -9999 -9999 -9999 -9999 -0.404958528377822 0.0126370171941219 -0.0285019607107833 -0.137825484320402 0.0597463210372034 -0.0873559310352998 -0.300886574363582 0.163404994185315 -0.125681852797004 0.149911832995608 -0.11639162252502 0.14333509600448 0.969749857975087 0.567055752870223 -0.237088296432305 -0.730216310171698 -0.888270948095616 -0.0169848698404339 -0.181826425846974 -0.26041052861371 -0.250750333336938 -0.29986012547385 -0.0556307017328013 -0.296359482068767 -1.0070421001143 -0.833153990694072 -0.62714521229811 -0.547157025891931 -0.61779922654473 -0.58656274784191 -0.425754589685357 -0.320236809626297 -0.276690563385426 0.00834222944004818 0.201015479285484 0.211456659320938 0.00824200751097021 0.404327185396317 0.263423725983715 -0.453480216506323 -0.704052653373284
-9999 -9999 -9999 -9999 -9999 -0.0462424708474345 -0.239211238664814 -0.380958012490258 -0.298995940742792 -0.322273374139595 -0.261996661863315 0.172221624247775 0.435023494538656 0.0188940851053158 -0.137338319474803 0.332792298196039 0.0450296769537101 0.391145695465908 0.286274829853651 0.0927352935092898 -0.0774588717925627 -0.556774253913965 -0.508130495225728 -0.313740267851257 -0.155861210097696 -0.402192136702692 -0.331364342317717 -0.0797925632337452 0.0368616082717799 -0.570907402472285 -0.48958452076757 -0.638433159408052 -0.216327666298297 -0.394211848452705 -0.429027157362008 -0.415093225058014 -0.0562826354708634 -0.170639171570925 0.0744427565356561 0.366266020664572 0.407181413482437 0.181579974314889 0.115369012202887 -0.055813208705833 -0.499754914147801 -0.473853131832657
-9999 -9999 -9999 -9999 -9999 0.300011835443559 -0.0212956682104126 0.00774823457381495 0.064227569351427 0.455930117763207 0.431904266344999 0.21651332988599 0.291484159076094 0.185732026224979 -0.281416264479917 -0.618348968408688 -0.276873262623946 0.347592113850349 0.133568603653703 0.243017175033933 -0.334452275014773 -1.45522896922147 -0.30397914093696 -0.199796136687317 -0.387221161656869 -0.348502659575205 -0.258984705821207 0.0771240731783549 0.700812438829074 0.0325748696731369 -0.418195845302247 -0.440082045169367 -0.426742392731815 -0.337601996787341 -0.0539497220282116 -0.203680755726236 -0.0311851583864415 0.286544012381909 0.357748348819609 0.408639779968915 0.336406420352944 0.170385500698781 -0.0492449608247083 -0.453923596950685 -0.592151922987815 -0.00698455698555692
-9999 -9999 -9999 -9999 -9999 0.382796118921308 0.23311060575989 0.259432100253068 0.429311233622299 0.367540705589574 0.196172981017317 0.204818352627278 0.49497328214577 -0.0280986886674688 -0.0310096342797197 -0.436560026868158 -0.470467313482229 0.255388181600862 0.749775588803324 0.506228817625274 0.0981951730974897 -0.127776348500737 -0.292275504616734 -0.118880419564057 -0.457379951383026 -0.362927426644573 0.12562416527059 0.761053140091745 0.194229680519591 -0.196078130944607 -0.406434755659987 -0.445824291011191 -0.443198181124951 -0.433219575377443 -0.103923334722822 -0.0137293073781468 0.0782720659553795 0.407676734659191 0.455712632488242 0.521683748993715 0.10153803939361 -0.243348087812295 -0.0636771657466549 -0.0969271157207675 -0.283603394872867 -0.381960342298459
-9999 -9999 -9999 -9999 -9999 -9999 0.30348412664797 0.290540997187115 0.299435595922797 0.0360737733727813 0.353674923928916 0.736947683988269 0.249911623033199 0.125835889026559 -0.0972694240544125 -0.425330012622794 -0.572299999404394 0.289465478816065 0.390170571437396 0.444032661466048 0.346386798212395 0.0579450970932232 0.0258244701387601 0.0299453170349541 0.0372973116724842 0.0264593217749043 -0.184240187868509 0.167688937222975 0.0233726497112781 0.104587416458853 0.247376311300224 -0.114445969651194 -0.30075558413481 -0.19341317047548 -0.212611402256328 0.117878938345436 0.246770456974226 0.380236353986777 0.410842214551373 0.340788515718452 0.206959621454943 -0.206068424515324 0.479041689257955 0.565574708881056 0.161222186734932 0.147638108174337
-9999 -9999 -9999 -9999 -9999 -9999 0.273558258611232 0.127792188546946 0.530404299728513 0.540629199913234 0.478832161855649 0.640212293863779 0.261220532563751 0.0183444749732072 0.120562281587725 -0.155149938632349 -0.458847122982663 0.0845283176987515 0.512729096354547 0.268805885552141 0.366619456663301 0.396763832158452 0.047334027069803 0.0259469189598615 -0.352902496570823 -0.195619336745718 -0.00765554013600926 0.0952278671800278 0.0250862369522946 0.141876552284598 0.385829373279129 0.0393621397983917 -0.211771081411435 -0.271624080753863 0.144644788139759 0.215265885739025 0.412057008820765 0.489272590509002 0.433402847853358 0.390808715416802 0.157264036249684 -0.00981088160114132 0.444659721017054 0.580406556395756 0.568006198299426 0.305066740638017
-9999 -9999 -9999 -9999 -9999 -9999 -9999 0.267077884544681 0.518391941073556 0.737359042452356 0.261100757505417 0.363030960313824 0.186562698339192 -0.21253959177265 0.0404377607452957 -0.0136644060169282 -0.155974228607545 -0.315888614036918 0.0519837811341949 0.355702768763513 0.418991228196229 0.10289879802823 0.320954364230585 0.322192070857372 0.0355987989007789 0.401393242957084 -0.0105966988596577 -9999 -0.0492055223052306 0.448401925730808 0.928767669682431 0.521320165192659 0.132258680462781 0.152912157142203 0.193271969364903 -0.164765186848385 0.623179706956793 -0.0180104163085967 0.434267068207084 0.328989592122431 0.259408960868407 0.184966108622526 0.0974908907323337 0.0739927594912376 0.239236501743563 0.227800843761623
-9999 -9999 -9999 -9999 -9999 -9999 -9999 0.0130157624643116 0.401956290831106 0.296296373723133 0.267484631438812 -0.0122290279338409 0.309468080892755 -0.225423124639315 0.120660855594895 0.309523715197083 0.18393610869675 0.411525278440586 0.0418523431657775 0.346225920554654 0.0714956592004965 0.284300718995951 0.227888192670736 0.370936082574853 0.304845780523767 0.314390480442258 -0.112929843159452 -0.24901680087268 -0.307203859271394 0.30905626088471 0.527795416931283 0.360621682149501 0.0691364678140619 -0.155442116644053 -0.027936759386612 0.227818092725993 0.572653024161328 0.0622071980298639 0.112592695982207 0.221424137235304 0.167670949464124 0.203167203466299 0.126961076151864 0.0482630737237453 -0.0423395209707835 0.0177702825882102
-9999 -9999 -9999 -9999 -9999 -9999 -9999 -0.203897903153891 0.425923762338885 0.220641783472896 0.596986780309224 0.385786121945596 0.395822602348471 0.270516831636579 0.128295850467565 0.404109871417431 0.362300714430726 0.433182665873281 0.152334154943917 0.194335512219237 0.129428444981792 0.0616109195556012 0.133901042748858 0.0960752554105656 0.43082230618557 0.589073125788778 0.288090333199025 0.224909290917885 -0.342983392677526 0.327369255997306 0.507457430698757 -0.0223057956304536 0.113138715593157 -0.110830220377822 -0.133476492223677 0.0427605793017341 0.540405745324835 0.391471362299461 0.100360209749099 0.236153975364819 0.104073004585634 -0.00275872922437506 0.0423479566332057 0.0147356167282901 0.126269643558428 -0.0702032607692479
-9999 -9999 -9999 -9999 -9999 -9999 -9999 -9999 -0.00860200479307164 0.386523617920109 0.125926724752006 -0.155639764589826 0.294245530029292 0.521841474548277 0.108994084854317 0.775500705831639 0.448271371328422 0.127408230110288 0.40889473065395 0.357852673475566 0.308322527845166 0.216287279889736 0.144654848340203 0.0988728981376358 0.414367663845874 0.543380509343554 0.298924148248807 0.296440577994205 -9999 0.509288562556409 0.242653511629297 0.576247792505184 0.371434543222863 0.399330433566122 0.220344898964887 -0.114619748316305 0.281799074185564 0.395706167133144 0.174783983136895 0.0751583462808558 -0.0116704484131687 -0.115150712779832 -0.237592502297549 -0.0239043537082807 0.0173444768490779 -0.0590271171480335
