Model-results/Spatial/Envenomings/Incidence-Residuals.asc
NCOLS 53 
NROWS 93 
XLLCORNER 376490.070567719 
YLLCORNER 384721.488324056 
CELLSIZE 4595 
NODATA_value -9999 
[rows 60 to 79 of 93, columns 0 to 46 of 53]
-9999 -9999 -9999 -9999 0.601543580395384 0.425062721409487 0.500155030325527 0.369653496210492 0.447786801301714 0.183031735181763 -0.00474466350402432 0.129976748175075 0.126440245358962 0.609549841177575 0.681105537002549 -0.12395317582252 0.838081901639135 -0.480796235895541 0.180839328091826 -0.391773485143505 0.11422951467774 0.576066229666491 -0.265048549062431 -0.623266364322196 -0.224615677327497 0.293893051331347 0.398933763131228 0.658583578393629 0.871930004616862 1.82676601378604 1.80775157058767 -0.0309843461665622 0.687510841902305 0.40857068152869 0.671211148988853 -1.40092393803657 -1.33440655480955 0.339230090155666 0.243627572617526 -1.13190567584432 -0.480793471168981 -0.0886182230470588 -3.13308983163675 -1.88632258684026 -0.716834710399439 -0.0019986306795899 -0.352357422190834
-9999 -9999 -9999 -9999 0.44892888766676 0.0491090781889533 0.191162368443361 0.0937392511841079 0.0685039651177222 0.267127588235393 0.458882287534408 0.63819585273202 0.1583358860323 -0.035295734589022 -0.304071017253459 0.363530198410263 0.92347217640589 -0.536065323096783 0.211509327679601 0.820998611997224 -0.113071342986278 0.215855285941069 0.507688823733864 0.489271715811121 -0.0189249735193324 0.724002636235413 0.31326834071259 -0.248967708058442 0.790498035943155 1.85252886220141 2.04384568758555 1.32302172718257 -0.535564333880996 0.0813571747572102 -0.271716568955403 -0.599544940656602 0.0492680980980422 0.213242634144702 -1.15736665033153 -2.10496519309916 -0.232197440811869 -0.949388461856085 -1.31139310815902 -1.66837481415915 -1.62940653512922 -0.266126066815726 1.04999364837516
-9999 -9999 -9999 -9999 0.4546989376522 0.418429893671404 0.364838754991144 0.231656367399786 0.0193688967622266 0.0585713267535178 -0.225422790762609 0.405102935315464 0.304232790355243 0.503672188710472 0.0382178182113453 0.0910485773071199 0.130061019276706 0.0295157896640878 0.752203898657389 0.174721279175311 0.169218407325337 0.278050891996828 0.0940857317712959 0.576092647623958 -0.00486850910024983 0.37312320799238 -0.12192014428936 0.227794395433607 1.47438257968439 2.51381673030072 1.78433556793852 0.593854389814775 -1.26328150179579 -0.285262966903873 -0.104916222433851 0.755119653654294 0.195398933501958 -0.996257185231464 -0.208913565125762 -0.21147645385353 -0.802304671667772 -1.15843809907235 -1.70439621922683 -9999 -9999 0.135461724453929 0.739151438592967
-9999 -9999 -9999 -9999 -9999 0.543273513977529 -0.116506701527829 -0.191947788411239 -0.210143002077951 0.0651081876304355 -0.456208836114808 0.262295530441993 0.325677943619863 0.00673533759571916 0.139378311140198 -0.135274244473735 0.49993876701799 0.527593739272645 0.529993461602467 -0.389162800643501 0.367214135386484 0.182569939807435 0.409621814441781 -0.132727015287825 0.390563667593155 0.653095700208686 0.197409734929037 0.216363318334515 -0.8453076214126 -9999 -1.4232710675888 0.349820789858751 -0.912694789292094 0.407646945483673 0.349251085737362 0.901863453107418 0.108069955617988 0.255857054054318 -0.488427655506932 0.266486521110658 -0.741874129996618 -1.91810660966304 -2.31944738613509 -9999 -9999 -0.0371950943511595 0.428722366788823
-9999 -9999 -9999 -9999 2.41251310831728 0.291665257191144 -0.368315954715774 -0.060334298940373 -0.130344976429087 0.139771590255471 0.0225691913503097 0.156343867562836 0.518168909266213 0.886176096637911 0.195579191287803 0.121926646897772 0.343675633086848 0.308233345037191 0.333590083277649 0.0505309814759851 -0.173029229082513 0.452910809271188 0.418766200600341 -0.12207865849652 0.632907753345743 0.165266873959088 0.013514483059693 0.0864531896748831 -0.125300120059427 0.216173943969804 0.368339709431966 0.419191408135029 -0.491135394650351 1.30885407890482 0.608191839637577 1.45625616605426 0.746259440486218 0.638629039756608 1.40193048879927 0.750979891896445 -1.08508437259389 -1.2337038187105 -1.42314810418742 -2.00486729757531 -9999 -0.0389895027659982 0.759138374842155
-9999 -9999 -9999 -9999 -9999 -0.51298911222132 0.230289455012852 -0.126807035596744 0.135307427720172 0.0410483853688494 -0.10368072116015 0.125453999772242 0.432394560883999 0.677662248049164 0.459983029674478 0.31502174469126 0.485337640164143 0.672131559553352 0.708391528987532 0.661530522333255 0.822526833943621 0.271656941085034 0.781777899993249 0.636716081727963 1.13676877970727 4.37757120552596 2.28012276592092 -0.200821285242876 0.143718692369144 -0.827839396617794 0.491297267602681 0.356581928764894 -0.531879477511629 0.294878315257752 0.705533936989388 1.85706732595651 1.47916938394222 0.602004897835945 0.768183947933852 0.366062374931924 -0.919603679025784 -1.04331360758976 -1.17354218353873 -1.50818813235201 0.544472961071622 0.072370282108854 2.26982383288442
-9999 -9999 -9999 -9999 -9999 -0.14807898242712 -0.0956411061598317 0.140716677662066 -0.0479986925120227 0.268685455030012 0.208300530984244 -0.0366710930044851 0.449031783689319 1.23421856246551 -0.238445038156533 -0.851621917642284 0.53705645415718 0.557751382572511 0.894147787036 0.747622660126109 0.303652302839725 0.402356539635631 0.74431346378124 -9999 0.0108690260213974 3.60263295643752 4.3114910172136 1.2297371938268 2.80455292676789 -0.344624958905168 0.108155879780755 -0.302150685116655 -0.110122195485596 -1.05820510970649 -0.105138294437714 0.65411617265982 1.67566677107075 0.348088122024019 0.276020409591803 0.510304563507059 -0.411109557762324 -0.902277824040419 -0.226695185607542 -0.166966657513128 -0.165504584777304 2.45771348920694 1.26190994982034
-9999 -9999 -9999 -9999 -9999 0.144288623261225 -0.0777218163799829 -0.0463896408936553 0.0565641528274387 0.339070084792527 -0.111271081072113 0.0914200331493527 0.275709184257223 0.442129550707146 0.203041093089839 -0.162289087246511 -0.329298061035036 0.683344936783419 0.592483498720098 0.909423110554164 -0.261392974587361 0.596376392353982 0.754082918950556 0.0586684030303381 0.553222285496259 3.90080953748147 4.22879197856719 3.99136716279692 4.49019479576104 3.07131439545735 -0.12721900753653 -0.217052846647709 0.210323566437406 -0.917742903490948 -0.24352192181965 0.425637187370248 1.35999257977575 0.250075346172521 0.00614306986899021 0.201039332803693 0.357803706512918 -0.513015678913819 -0.351750233695246 -0.0402354260488916 0.300739836760311 2.13153625215278 0.663661874969154
-9999 -9999 -9999 -9999 -9999 -0.0702795916382011 -0.184136930970682 -0.0955024797895433 -0.0809137957452674 0.302816245897542 0.273190580231959 -0.000126106719591269 0.234253318948868 0.270322287883306 -0.129523158349408 0.347680549906064 1.31985614389623 1.08659244367307 1.59933076298427 0.68775008116762 0.219302083545311 0.540277864622031 0.718368072608872 0.179027917041417 2.12341492019401 4.32837528720339 1.72441696556051 3.56249151144313 3.77364231418222 4.33617536725234 0.759340705953546 -0.647551253564249 -0.224336697978943 0.266374744011661 0.158309483226154 0.274516058847948 0.484408085197171 0.629307806396205 0.628291439605592 0.0618824992951063 0.540035413719895 -0.363124046035856 -0.691767559123701 -1.08958430722483 -9999 0.899035650768564 0.669352820686716
-9999 -9999 -9999 -9999 -9999 -0.0148903073652479 0.00210750860131639 -0.0489850863609731 0.0909900461102587 0.326178423581689 0.3357416878323 0.239071932565691 0.556310747714765 0.514834184703533 -0.653897510641804 -0.392606123648526 0.641543762288203 -0.676948452489742 0.621566179714751 -0.143394261784966 -0.126959845554183 0.0767930320424875 0.495700014098785 0.485681709625561 0.305663083995592 3.826693962318 3.66231981546038 3.99850959790235 0.430325462574494 -0.464612819605574 0.128086081148331 0.316504650711652 0.678779916653635 -0.136538753403543 0.458702237317692 0.436685144356196 -0.202856425980376 0.633657142849259 0.644705135844337 0.471373838807863 -0.559100724739857 0.429560264374695 -0.740213224181328 -1.95295050203338 0.530835553783556 0.928111249548382 1.45044196229994
-9999 -9999 -9999 -9999 -9999 -0.150108258334339 0.114373586591502 0.126610310786118 0.049942110440609 0.0847168822409856 0.110036161099942 0.0865885998579637 1.24957208526084 0.480080609747046 -0.525245499910844 -0.470139089571473 0.359302837016737 0.267623215290919 0.67281863041958 0.380428220948926 -0.991972991031358 0.387966489623366 0.371383079329866 4.22875703712058 2.95856485530497 2.90429270702537 4.47064105230703 3.54384090306302 0.574991330589972 -0.392006484221666 -0.116064692623844 -0.0135495534989705 0.597505496681858 0.370635153711858 0.370274867675469 0.110225986810746 -0.369281440400569 0.290988300507149 0.616831929094101 0.224043601209672 -0.277797038149001 0.808320125005987 -1.76078074074126 -0.0191625249235426 1.50118376986016 -0.021208941237129 0.571751014784155
-9999 -9999 -9999 -9999 -9999 -0.0791075997701064 -0.0892462558092653 -0.159590654846269 -0.181237544681014 -0.243116077406519 -0.287268560672922 0.331376715664041 1.61318047756293 0.572444842046288 -0.0594160101616576 0.0480201160683863 1.20467296281057 0.909235627930376 0.780673739526852 1.09093625675896 1.59350886694481 0.447720508936332 0.0230015163099275 1.4791021230473 3.93942635655854 4.51919968079344 4.28402352495254 5.11553617134379 1.72422819408472 0.469186251447401 0.465869688711185 0.751301314086782 0.966350143944239 0.0782499928632541 -0.583933019951923 -0.541273866537738 -0.982763697096819 -0.0711531248693801 0.0499784270970995 0.604349782849445 -0.571605964004841 0.681572390604983 -0.0195883215662617 -0.507464331161877 0.737819720725747 0.396513840534354 0.234030478839931
-9999 -9999 -9999 -9999 -9999 0.163076543681335 0.0248249769007277 0.0290487411357954 0.212434927442932 0.6205408565846 0.429897080877791 0.0796838099555609 1.4243702880128 1.16567987704446 0.113776475987134 -0.367303324335338 0.785201084511386 1.07895320986773 0.567364710208114 1.15543633861999 4.17762745914977 2.04072899915153 2.34166572386634 1.60360264301623 2.74010166952957 4.52926772479257 4.79795747953022 4.87167961281032 2.54482646830069 0.8696852041105 0.0583956016008096 0.653745773638536 0.41440285915288 -0.0983053885446269 -1.2384842564865 -1.48835517157135 -0.136100716011698 -0.262421468971497 -0.0934367470712809 -0.414944569799835 0.0470199265708401 -1.75211579480707 0.0580898322860046 0.307443290981388 0.390028917505113 0.561121825330786 0.474784039581559
-9999 -9999 -9999 -9999 -9999 0.0478852965975504 0.205705770568829 0.184961233954439 0.294507304927148 0.301411503680691 0.064198571005523 -0.422882342479559 0.418088756346182 0.48721294035719 0.860361032208985 -0.266588471819045 -0.181366343622889 -0.0408404836692843 0.296678883955082 0.86448024438968 1.53980602708869 3.70588607734268 4.7087472318802 3.81293638114586 4.44914136043307 4.65683272274653 4.46488534704171 2.27942420328923 0.825949728184989 0.360875413665799 -0.235311931952749 0.273006247098787 0.161211847351516 0.110268910653392 -0.773317568467661 0.183654926856853 -0.0529649312084339 -0.845669853135867 -0.212583940188031 -0.870860590016378 1.69993570858346 -0.339983580728487 1.89061418341744 3.17926935031849 0.729183016991962 0.0600946034052979 -0.0188191228709844
-9999 -9999 -9999 -9999 -9999 -9999 0.192806030083945 0.208227228827254 0.17898494114033 -0.293645871507969 0.0501440194032964 0.380043750318731 -0.335178752976026 0.660965993202486 0.21109356486638 -0.0462249406078363 -0.236162529145675 0.142988918544486 0.568969337484158 0.246759947194176 -0.524377877602577 -0.470660919462722 0.678186793733503 -0.24327060995056 0.588289210820302 0.538364378897311 0.749370889445849 0.447202351327877 -1.23752932102004 -2.02751690390275 -2.06697464411885 -0.370356787044304 0.637421057631642 2.88800510141762 0.890722068300338 3.55451823122999 1.62708286286422 1.97629337659973 2.02256766214126 0.392702988328561 1.59720328655967 1.14459069033497 2.30067957660888 2.28058021756985 2.02431160530254 1.94199766867045 1.87861049550624
-9999 -9999 -9999 -9999 -9999 -9999 -0.100282658658773 0.110516432522021 0.293488876174681 0.383150395368402 0.19848103238492 0.20043429434959 -0.0401353916017314 1.48488331555976 0.846100082902341 0.786356813573561 -0.0413096177854207 -0.160221539456618 0.112794310973602 0.144897862088285 0.659194543326265 0.145645096308257 0.937946935149151 0.67311855942735 -0.262109838306036 0.354173631700016 -0.51780967312965 -0.701761939918075 -0.237396622111807 -1.10618150148665 -0.869662313442922 1.11071791390988 2.82663430610563 3.5230061159147 1.532818444606 2.16830340439399 3.24713180896408 1.17466795903652 2.24308278945843 3.88097366624038 0.653489482308385 0.222299454756447 1.71824816984706 2.9893969413993 1.96654652854026 0.497459959651556 1.81398111888414
-9999 -9999 -9999 -9999 -9999 -9999 -9999 0.180015531903434 0.307747464311546 0.266472893295424 0.110258849730864 0.0849599426388888 -0.0770250307539576 0.0913489074380918 1.14965399158355 0.697266106628055 0.766712048941584 -0.0875168104141584 -0.323285118682877 -0.1604788272389 0.490236868164937 0.347923963423297 0.122350237034575 0.461208942147109 0.378095981860736 0.819523895233705 -0.555397504532143 -9999 -0.559079361276842 -1.33051455399475 1.16636579341021 2.93915791842933 4.1544535268461 3.21188917907301 3.28248122005496 0.651912034855852 2.44236499872549 -0.179911830523838 0.911595301973868 2.89811803812784 2.85122225834828 2.43919928942415 1.54806173985622 0.916048624029394 1.92385956495234 1.79186118814135 0.728676955641942
-9999 -9999 -9999 -9999 -9999 -9999 -9999 -0.117514479677407 0.452777914537143 0.167341767133472 0.398923125218872 -0.25248756295543 0.260250212508394 -0.430354443634472 0.433166167855494 0.819951530828316 1.31929883726641 1.33870843963973 -0.149268042476911 -0.117127888817716 0.269615940407723 -0.0538108479903579 0.091589286695208 -0.0162452903603186 -0.225284974984149 0.0839806005736105 0.906923206412574 0.900650280123684 1.40809419676621 0.662907976209774 1.20989281222646 2.53705961438451 2.84347463748781 1.96330833910476 1.72450460396016 1.32958234808506 2.08997288001599 1.02153447441701 -0.337936473633205 2.38480131672399 2.15620752645344 2.70833371411348 2.30020327306823 1.95525643389715 0.259878178430545 1.07451365420055 0.42100307307043
-9999 -9999 -9999 -9999 -9999 -9999 -9999 -0.251211316672352 0.472437697425686 0.298495533634496 1.08634423107099 0.0325538554837253 0.118557364814359 -0.0464107234365893 -0.319441597976774 1.38444192918903 0.714534904129013 0.68348355796382 0.754247780480781 -0.123416372699166 0.144053321563897 0.289553493331765 0.0506946944973384 0.440271626393094 0.132935615207296 -1.17754204420014 1.76001331888003 -1.04122533582519 0.951806320502246 1.08223297181126 1.94695391463109 1.07950104807704 2.26114704380545 0.331208422614183 -0.175839279830328 0.403631250664467 2.9381893253893 1.89622006286597 -0.360914937596314 1.98584977404365 1.7163100070654 1.42574795319439 2.52213529153065 2.13066854997833 3.20031389787693 1.32961370745724 1.62942882023499
-9999 -9999 -9999 -9999 -9999 -9999 -9999 -9999 0.292140004834079 0.10909139272035 0.163925149699592 -0.308599028447057 -0.157025127157009 0.0401154633585033 -0.60357110972962 0.81426290754305 1.34679731813786 0.64586001388574 0.424945623270584 0.601745019439512 0.889208383461947 0.474780616337549 0.0299615761428042 0.373295530343207 0.382244296008922 -0.782856524549809 0.163897085278031 0.223977714675319 -9999 1.23468994203866 -0.240146285977059 2.38564046988383 1.89118787484149 3.44988917707516 1.5085052843392 -1.66059193877893 2.32495552709584 0.892639255063348 0.773300678986146 1.58683142219586 1.26445412976394 0.926945959239841 0.016325948766106 1.75407798162675 1.77598709890816 0.910702424404344 0.45481413078982
