Model-results/Spatial/Envenomings/Incidence-Residuals.asc
NCOLS 53 
NROWS 93 
XLLCORNER 376490.070567719 
YLLCORNER 384721.488324056 
CELLSIZE 4595 
NODATA_value -9999 
[rows 40 to 59 of 93, columns 0 to 46 of 53]
-9999 0.668560712198859 -9999 -9999 0.423847222477384 0.421480265127018 1.02813130441136 0.411807478913284 0.128529368140247 0.660545112007341 0.0528219903237421 0.272038854626798 0.0817087157314839 0.0287505648010193 0.376821022045299 0.495508609479999 0.754154763080548 -0.155309352674591 0.775427211058121 -0.225067863772512 0.0634271039423942 1.80205154591013 0.685990972945496 2.05381786518456 1.24990797701641 1.42632470310097 0.243326875690539 0.442656993091982 -0.706892419901953 0.237438252108274 -9999 -0.306834978316601 -0.454629490985543 -0.850263488228617 -0.641529906563554 -1.64505251173898 -1.30117195063334 -0.882307098193755 -0.175276015015709 -0.833411789616421 0.243742037348446 2.61687377277531 1.27137906859211 -9999 -9999 -9999 -9999
-9999 0.0498245074225764 -9999 -9999 -9999 0.335923575276172 0.67672778898364 0.256881201979742 1.0461791171568 0.43173241015231 0.693764444855195 0.581145422341129 0.858661079103735 0.925920146639784 0.135104185600066 0.275382143868971 -0.0567210566062059 -0.72816509432422 -0.573535219513282 0.947022200222951 1.23417635083863 -0.212922920839243 0.252602431450743 2.06016131650642 1.0038808796476 0.988933310498004 0.890883952406813 0.819637045406293 1.40590301452729 0.144111994219338 0.102988579546298 0.769861902372627 -0.0913114712472697 -0.136226682810713 0.313323484505125 -1.1373530160898 -1.7014632123864 -0.593847743285033 -1.55833691484565 0.364127795417275 0.207612525855626 -1.14434390636456 1.56243678525899 3.85061007535567 -9999 -9999 -9999
-9999 0.173033378486657 -9999 2.63806200576882 1.0786010284686 0.528023098396905 -0.515366872118462 -9999 0.0358438349855724 0.329863178504627 0.646490770316196 1.63841154134118 1.08740679811366 -0.235943059400226 1.26420008603209 0.408483518720213 0.340688668972115 0.675510443809782 0.371231853662081 0.0683880714448639 0.650878144952468 0.467410009137618 0.8336947017631 1.35080826346182 0.0787716956420033 1.22228101310335 0.0543379564571721 2.75647819252901 3.27771641831061 1.20248212358564 0.924483713238118 1.73795774510059 0.219318934157735 -0.134582960945668 0.978386465919552 -0.39984665718009 -0.59713695352638 0.172622043693652 -1.10303313353372 -0.429892601211096 -0.0810884512003548 -0.615099356290585 -1.06012118509304 2.62562689901794 -9999 -9999 -9999
-9999 2.03577059770008 -9999 -9999 1.49288934786078 0.61632115240054 -0.329968644840139 0.362142308968223 0.564943422263408 0.353012919200631 0.0462845847321745 0.532156340478481 0.856879487699262 0.19949707708562 0.979928356586547 0.587764493938596 0.76397619873131 0.00604493080853258 0.784768555262554 0.41072521415879 -0.0501330240676397 -9999 0.947131924978127 1.84402578634552 1.05497053055387 2.13902151782603 2.640144996755 1.60118117505942 1.75143538971053 -9999 -0.633291525607672 0.526111729919461 0.384467475913066 0.0637717486986736 0.65734092225209 -0.138643561758277 -0.223095645950169 -0.514290304345803 -0.401537098597649 0.448958835402128 0.00936899899991085 0.142558265446209 -0.378408424415748 0.334431060934683 -9999 -9999 -9999
-9999 -9999 0.403439795670133 -9999 1.364410137847 0.0681639342966564 -0.0309888192043105 0.803263561682618 0.618564584099454 0.206474648745451 0.614134925077899 0.550264862355638 0.80138903013585 0.687488607218805 -0.114218873003495 1.02693647214643 0.904322631642485 1.03863733004377 0.514672205450042 1.34624589726472 0.171697689902596 -9999 0.754853700621011 1.91690874032996 2.21438547637012 1.90249743709756 1.32240179695891 1.85969480712474 1.34558495623128 0.450747375416344 -0.0224764269716434 0.104058170216314 0.709944895166827 0.588084881074069 0.922399814151235 -0.721177948382252 -0.169249762484207 -1.40614023853872 -0.0812679236560315 0.505304525789145 0.194379027013013 0.33250673313739 -0.754785998728602 0.429560084103441 0.0842874476073811 -9999 -9999
-9999 -9999 1.21737216255066 0.640371060915627 0.276708057411695 0.777888196405307 0.418428816883874 0.601457008322723 0.89452520766858 0.557027241488256 0.703131285030725 -9999 -9999 0.701402410838161 0.850172764192542 0.686502129879836 1.13123592057891 2.41703991854248 0.96894510002766 2.21160545988364 2.28505073929183 1.08541793117274 1.35677896175317 1.54024904790513 3.30572538839732 2.61136383911403 1.45634873823078 2.26343065709106 0.48443670920312 1.09785286171342 0.131194878210952 -0.191941077329407 0.856862676729632 0.555208100718868 -0.25453738037794 -0.347946199492858 -0.107048150209262 -0.145397538721351 0.905755531663405 -0.54852850068683 0.188527062784423 -0.231936675926278 -9999 -0.201872965544324 0.557758093721473 1.34635703775446 -9999
-9999 -9999 1.42944402671144 0.0451263618637006 -0.376720607392205 0.721993505631458 0.375169371300848 0.570364963972232 0.515654695929409 0.959558156076384 1.0613220905275 0.762041968274934 0.919282938751599 0.998266852604679 1.23174627614743 1.0504866815919 1.15053340494165 0.712303768061321 1.13065880658748 2.67981193463115 2.13174243512371 -0.0185985346961009 2.0243012733347 -0.632475169102097 0.997644198756745 -9999 2.1199991693483 1.99066074767725 0.452304867870435 0.166307926600073 -0.603277363873893 -9999 -0.351490960010775 0.905658673773001 0.379511490559796 0.609264553787488 -0.437118043974258 0.697196554383632 3.24054912042351 0.303353028195333 -0.588087069417164 -0.049042229695057 -0.0130104630732895 0.526672579811766 1.05635708017187 0.280206721666902 -9999
-9999 -9999 -9999 0.12352527151205 0.640713218724206 0.181009681903386 0.758527512854492 0.637215525387485 0.582113730740419 0.601446294639968 0.708639058426215 0.755539576910074 0.936931513231175 0.835120693868925 1.05638318676033 1.16510702292879 1.17448397877931 0.921300275014108 1.44630344557858 3.13478556487738 1.72959887682886 0.441493447541142 2.49132346336552 1.99832266902211 0.953855851689121 1.84758701545288 3.02941543088604 2.25698044876567 1.61070649171578 0.328794131930192 -0.225711115346965 0.0878353510428362 -0.04825354496422 1.02487110754704 1.02415654067284 -0.321108555504627 -0.302975569408513 0.915641334445094 1.00729799570999 0.82034345017815 0.0996023716028499 -0.0164804193499018 0.937292704506552 -0.239242981572865 0.1491206181431 -0.316397708881554 -9999
-9999 -9999 -9999 -9999 -0.111479115460791 0.480259456372872 0.410883801918715 0.36200986857059 0.462586356728178 1.00438875874778 0.863200635632759 1.24903113789346 1.15378143181615 1.29101398968362 0.618979889751666 0.959280901633436 0.460004077842284 -0.611836367407516 -0.290368808155279 0.796992695630763 2.21568344789204 2.05869242679983 2.96388067377575 2.51728283555263 1.48928474715788 2.42631392821156 1.70903257389648 1.73404044227041 0.159944269226343 -0.0528584375022297 0.0168589075004769 0.0266505628198123 0.513379524836078 -0.311660193654837 -0.562884639920322 0.875075611286233 -0.538095610635765 0.598779884976744 0.546661752424043 -0.0667679302587438 -0.304296538352299 0.865359078258838 -0.930449122952873 -0.607740584418061 1.13450447170641 0.0741602812836549 -0.413456748886308
-9999 -9999 -9999 -9999 -0.087965690083355 -0.122186242043744 -0.07299828081159 0.304087992559176 0.744758879866861 0.493168313852603 0.943964262546569 1.42324514333645 1.17675225881613 1.26623473349311 0.234396963590576 -0.760619001134803 -1.15194046719808 -1.32815308875322 -1.40141776043612 -1.31397818629929 0.356838622641192 -0.330009229650436 2.78584534550724 2.08542790233036 2.14444108769719 2.22666195589589 1.88585446020522 1.40525780702495 -0.407959019844363 0.923169754145105 0.555521067196078 0.0982212450015292 0.770495190720855 0.655912483665205 0.597383278340247 0.429282430786645 -0.309971573559204 0.635586991170111 0.447328429625638 -0.658355248949283 -0.10217437451728 -0.43502636504451 0.623313899354156 -1.15710977507098 -0.136512232266093 -0.250043679771733 0.62439149360895
-9999 -9999 -9999 1.24911049963302 0.569185252992855 0.288958236768662 0.463080449658473 0.478368733927572 0.581975466406875 0.401114410726372 -0.118576711562902 -0.280525231510855 -0.417633179760637 -0.443670554784117 -0.831227594503934 -1.00332560800156 -0.714686523139899 -1.18567863105651 -0.780093619319591 -0.85145063612403 0.264832765145454 -0.53533650508021 -0.160774472573246 0.319967908478004 0.20137694102458 0.854662160793416 0.474287071293859 0.285261456111075 -0.322289794057448 1.36674391832218 0.281911411890686 -0.191436257621017 0.417211196144936 0.74939111175986 1.05114825130271 0.0427676867805922 -0.349380005889855 -0.317510420475787 -0.0452345214366739 0.339850153319367 -0.780266566906784 1.25009097893244 -0.741219260082822 0.351543429184841 -0.0817170901857828 0.182627298402117 3.02077595831279
-9999 -9999 -9999 2.06043109937023 0.612043969075123 0.352954297033992 0.599248772602191 1.01118693130215 -0.504708237170789 -0.547094573549343 -0.378317710673206 -0.268182179043507 -0.665919810776681 -0.538563512572124 -0.512448610160992 -0.737220582862283 -0.745832957482184 -0.922704627408903 -0.819724130007547 -0.645585240413483 0.556947814266086 0.565639382092251 0.227512310395319 -0.29987429473995 -0.707733654400454 0.460362939056116 -0.328242117160411 1.42371886036037 1.04058811120846 0.898933926450636 -0.222991881841161 -0.486331190901716 -0.272179347614958 0.74811328345511 1.14009553933906 -1.1123421426074 -1.26102451711246 -0.612993101588447 -1.60641493035841 -3.36199795261488 -0.261423977495923 -0.0925338179780097 0.50684776991082 -0.150541773421046 0.239975379250695 0.324212169024568 0.175064941241478
-9999 -9999 -9999 -9999 0.109525102385887 0.22710186987284 -0.578081218655065 -1.29785390770973 -1.09970184916848 -0.546511055926499 -0.319931253907813 0.0563195372049408 -0.347975896228875 -0.0633064808635827 -0.217456032823345 -0.46838201688533 -0.752677466949108 -0.488205961077217 -0.0835200010716836 -0.404679421897456 -0.426071388973534 0.251844263527663 -0.359420188008538 -0.326090066349353 -0.687799489480543 -0.544633938945572 -0.602676860159329 -1.46713389726755 2.43948781875632 1.11776476847921 -0.0820635049014404 -0.70589960640644 -0.118589165444966 0.637814152940644 1.50434818552834 0.149572207827415 -0.261908977854445 0.0546988375897769 -1.11423522619208 -4.19950412245403 -1.40889179029485 -0.913328413026409 -0.6057255179796 0.439014794265468 0.373036402539765 0.282146496918234 0.30510283299218
-9999 -9999 -9999 2.17602192793335 0.702711568447629 0.413574227737413 -0.203757823772214 -0.236993078116036 -0.273865204482171 -0.736037273320972 -0.592950237540577 -0.26759855921455 0.0264962396635197 -0.341649816971226 -0.146301034178767 0.175703910659634 -0.30738064311314 -0.052553115780465 0.585804564457781 -0.781231312267622 -0.355891372448784 0.77826112129894 1.27350084221672 1.04497610253211 0.0621778778527216 1.42605561131325 -0.171931930940225 -2.68701802464221 -0.804701052489204 1.19700041875827 0.81910141260695 -0.15046794470354 0.154694691571344 0.763547980533141 0.539969837682982 -0.115320303378811 -1.29181538433952 -9999 -3.59968984284484 -3.10051812418623 -2.357368261396 -0.245603055332938 0.5068172058912 0.517564204979973 0.129944801367759 -9999 1.07969233473306
-9999 -9999 -9999 1.75464479711969 -0.196521732168129 -0.306274526186578 -0.37716581793271 -0.648546233390986 -0.410623015170242 -0.0422123125634999 0.00187786938512431 -0.331313181612382 -0.251047208677104 -0.193390045174344 -0.129374388320987 -0.366546239024907 0.452527881824588 0.175396963601419 0.534632790635091 0.0601182894727144 0.243625444025524 -0.22940832961299 0.95040214323753 -0.0145323601481827 0.19839675254548 2.30157747608655 0.54334397994508 -0.416728403106677 -0.689199302792695 1.4372418070962 0.363492581829553 -0.238745852565969 -0.240777798259272 0.647654294368803 1.51247894213179 -0.242569112784581 -0.332071584711921 -1.53165469420061 -2.32473468057214 -4.58396530858336 -1.55185094808938 -1.36801468768951 -1.3201956687612 -0.413858505941381 0.795341961633232 1.64045696039335 0.878287294426939
-9999 -9999 -9999 1.31367009274798 -0.134596226306333 -0.161651605058333 -0.358172022725639 0.0417463635488353 -0.162735393049878 -0.0695575738116466 -0.23093626473077 -0.587239251702549 -0.443592181379387 -0.337852237779985 -0.28305068725373 -0.0837883327034279 1.01168601675889 0.110085362568149 -0.278476315221734 0.58504042108407 0.691762738874138 -0.0378450017917689 0.128145272700014 -1.16626872331249 -1.18495984462354 0.512975807392842 2.02159936922592 0.187332215144894 -0.517675121348056 0.258225056662472 0.951245937012188 -0.27965974975762 0.260936357016634 1.46142888586833 2.75154854190906 1.31565030759441 -2.63014939329894 -2.37403526377061 -2.28484589589563 -1.69345340362079 -1.90106760989161 -1.36420961044399 -0.980284108607581 0.5152010983317 1.84489137169179 0.919772231225835 1.50760854989879
-9999 -9999 -9999 1.89048240094902 -0.348714340515434 -0.228749362522549 -0.0794760315664997 -0.532286808624675 0.471479558117077 0.142177568587495 0.0098258550341269 -0.288429059059058 0.0835605919468788 0.180208545512057 -0.241228479491307 -0.570063428836117 -0.521093411821122 0.980993256898876 0.69950929756279 0.575062748309269 0.596932238244436 -0.153868193964342 1.19475711047517 0.543874604293259 -0.425421488659647 0.782660619760896 0.810368325390316 1.1773044907298 1.38085497282208 0.379925722997346 2.00021148814449 -0.0164330346144443 -0.000389664139476469 0.968446597460736 2.65559887642812 -0.102445115007328 -1.9977105519658 -2.88648882922422 -1.57693417622197 -1.24224229660794 -1.19766124205335 -0.777333690381802 -0.435483128811926 2.41634899185448 1.36312898259383 1.03797982849602 -9999
-9999 -9999 -9999 -9999 -0.00869805019262631 0.0790178907828272 -0.214423411872862 -0.132952789225433 -0.296766425057235 -0.409721021796164 -0.30763738927221 0.106882973067293 0.161244431474595 -0.214097599226705 -0.320651683389434 -0.334762684689765 0.152100993812052 1.14882387630322 1.05606005594816 0.487520292789342 0.274843246501769 -0.146539945696782 0.180625202400015 0.307305555419965 0.0183392626457477 0.909653413051599 1.17486055294327 0.957455030290078 1.66633636473732 1.55496505401792 2.39527587412042 0.16400060414677 0.660213324778255 1.07783399170219 1.51723179405602 -3.32176976765965 -1.65199244181461 -0.782986889398585 -0.767518592812558 -2.564710803466 -2.21941221486207 -1.66371215683566 -1.80188004117129 -0.872197037349269 1.74607628035945 1.69414251649568 -9999
-9999 -9999 -9999 -9999 0.318012745388598 0.400971290650814 -0.00690902233061989 -0.00292714502120132 0.163458160588007 -0.0946498656639473 0.166579809894936 0.194951774118759 0.105789021266515 -0.383397884012712 0.12468430559856 -0.439484537670149 0.23115124607222 1.17858674689252 1.38612677084216 -0.162447863485652 0.0750735991278067 -0.0911082942251227 0.114353306999388 0.951507879989258 -0.146039522070094 0.232916898041154 0.787476479637173 1.12492329791863 1.55580943026412 1.89885642058367 3.46561088153137 -0.207111853157465 1.95799871969957 0.350066950515383 0.954572715813604 -3.40426672348201 -2.42073718460181 -0.835293566048376 -1.18138392784239 -2.21977055869626 -0.659287649414731 -0.958198553623524 -2.72803820954077 -1.76763011022862 -1.77316017438526 -0.342609578029021 0.739308585338262
-9999 -9999 -9999 -9999 0.165044023625164 0.216578849923326 0.214196439295707 -0.178318121690306 0.395900137902839 -0.0922864670187074 -0.0931957351603445 0.658470705127331 -0.231659530395863 -0.175647574825262 0.972584194461817 0.505847882237817 0.852614605024799 0.28164666588575 0.561453509227398 -0.840789573304455 -0.0329547229605831 0.545644901216254 0.176843085527958 0.453035120583662 0.331236168548376 0.146898576021104 0.164089586467612 0.66968496797548 0.909530532937812 1.60404615161961 0.357262629078202 -1.3901397601607 1.32121356308694 1.87395414866998 1.91842809953722 -0.284031729570535 -2.63682112442109 -0.87134274633991 -1.21564496815141 -1.79999904705571 -0.921925312904159 -0.900416878448621 -2.70917555507278 -1.2225188538332 -2.45991448530592 -1.69514381254917 0.541490475561277
