Model-results/Spatial/Envenomings/Incidence-Residuals.asc
NCOLS 53 
NROWS 93 
XLLCORNER 376490.070567719 
YLLCORNER 384721.488324056 
CELLSIZE 4595 
NODATA_value -9999 
[rows 20 to 39 of 93, columns 0 to 46 of 53]
-9999 -9999 -9999 -9999 -9999 1.64842890765923 1.84215321080551 -9999 -0.395148045723834 -0.739225703999703 -1.49268144411536 -1.20645784331796 -0.416443734922709 -0.0307543169121246 0.580203017134402 0.656050044716544 -0.304862486520082 0.520761603883494 0.803675825335118 1.08217215560654 0.494520861081072 0.873703765148478 0.803563977890864 -0.140233472996489 -0.402066703224002 -0.0816605580887219 -0.367715702441354 -0.435286283364526 0.0311668935184869 -0.759099219510374 -9999 3.48668624966995 -9999 -9999 -9999 -9999 -9999 -9999 -9999 -9999 -9999 -9999 -9999 -9999 -9999 -9999 -9999
-9999 -9999 -9999 -9999 -9999 -9999 -9999 -0.580355548086034 0.391887657811449 -0.204497814583086 0.219385305079944 0.0676110973054963 0.610458089526841 -0.0459647525567884 0.344889294945043 0.191395312013757 0.251467006230826 -0.0836278546954941 1.36056210309441 0.363574788484829 0.220958675279181 -0.372004471543382 0.24969217167956 0.0278030352732795 -0.621081263819955 -0.243509835921955 -0.347044016205708 -0.309886848524881 0.0326772017111166 0.0645730175354289 2.91146756604397 1.16488239185674 -9999 -9999 -9999 -9999 -9999 -9999 -9999 -9999 -9999 -9999 -9999 -9999 -9999 -9999 -9999
-9999 -9999 -9999 -9999 -9999 -9999 -9999 0.58900048027235 -0.216704312667068 0.513784555747003 0.632493223279057 0.0501841348950171 0.523876947875165 0.308148703267616 0.490446996929849 0.945574653234361 -0.143802904488456 0.49719194565825 -0.13185351654018 0.254816165973866 -0.43688669694706 -0.987482853077276 -0.133384004491828 -0.689723216817915 -0.379292751636498 -0.62837310813062 -0.480198851076046 0.506126707584872 0.332074301528837 0.0668779077107723 -0.195645879431362 0.821309499738276 1.20846903669792 -9999 -9999 -9999 -9999 -9999 -9999 -9999 -9999 -9999 -9999 -9999 -9999 -9999 -9999
-9999 -9999 -9999 -9999 -9999 -9999 -9999 0.642188709334376 1.19425943073492 0.123588165198341 0.860046055448395 0.469752467985471 0.386111847479014 0.155542811429983 1.17052431653163 0.722279763416069 0.636003879922886 -0.178949005362916 0.541915174625573 -0.525956820082517 -0.117144336852058 -0.220504967430017 -0.158091618881408 -0.0436293684887239 0.1547092584139 -0.179411103978051 0.310503521650888 0.444097157235162 -0.0438371418478455 -0.416192397619996 0.293626258432882 -0.0293107928808963 0.103523324506134 1.18434424010169 -9999 -9999 -9999 -9999 -9999 -9999 -9999 -9999 -9999 -9999 -9999 -9999 -9999
-9999 -9999 -9999 -9999 -9999 -9999 1.37614483856944 -0.687677742506285 -0.685944485149419 0.25575664038878 -0.313418075778434 0.326992049635104 0.704759703508755 -0.489075678275731 0.410200920001273 1.20248433680851 0.12685173105874 0.550850372629538 1.16143382192396 0.625039119398125 1.15856243464583 0.406261506146876 -0.893395040579906 0.0228979871936048 -0.242316175477499 -0.42393129183746 -9999 0.14936849314896 0.16138300305725 -0.323406192383635 0.356226920307293 0.485160464680374 -0.44280610938912 -0.312134141698259 1.49045667760939 -9999 -9999 -9999 -9999 -9999 -9999 -9999 -9999 -9999 -9999 -9999 -9999
-9999 -9999 -9999 -9999 -9999 -9999 -9999 0.281113112012535 0.419465956176886 -1.74503711926101 -0.0634727331224789 -1.42780052343514 0.543288630543085 0.427375864593586 -0.341847867024308 -0.035973808523622 0.313930664377075 -0.617174950448945 -1.01235689646567 1.17718623362102 1.60271267054369 0.941219801077672 0.173206463172703 -0.233422875058963 -0.27229043284914 0.197332692162643 0.541061951750625 -0.22983961535559 -0.669964358064089 0.0056756372069258 0.781358716683669 0.641579058564187 0.422101715654663 0.0069452079126903 0.139084202699747 -9999 -9999 -9999 -9999 -9999 -9999 -9999 -9999 -9999 -9999 -9999 -9999
-9999 -9999 -9999 -9999 -9999 -9999 -9999 1.34937675818133 0.613526022954247 0.970755293053047 0.874912899816341 0.83676807179404 -0.259181820761397 -0.736851855248604 0.729553989364628 0.931999270941578 0.468893342819826 0.201969994136143 0.245884285514233 0.257338111634376 0.374828985248478 1.21792984100168 -0.804180248722974 0.219864138918386 0.952063401131841 -0.395613469410502 -0.128907432867409 -0.610208413947201 -0.66867315952562 -0.51080123466772 0.970756903651103 0.100902401936822 0.117731900664633 -0.147713222428191 0.260688889049922 -0.258817802482945 -9999 -9999 -9999 -9999 -9999 -9999 -9999 -9999 -9999 -9999 -9999
-9999 -9999 -9999 -9999 -9999 -9999 -9999 1.36919058723705 1.08522185074248 0.324909797161544 0.849691909663372 0.989110563798802 0.966719599466549 -0.270823571393103 -0.263456653131031 -0.126900404530995 -0.177957167365144 -0.84573329170152 -9999 0.268205009071995 -0.0383953149045236 0.182809544586139 -0.2239275785787 0.413415606724057 -0.243516400226838 0.0161534084946024 -0.294136130351361 -0.202469416602617 -0.147790711392568 -0.172166581960299 -0.00225625246519553 0.399939223342636 -0.608616698314645 -0.56018701707918 -0.0052362487855542 -0.210546410416198 -9999 -9999 -9999 -9999 -9999 -9999 -9999 -9999 -9999 -9999 -9999
-9999 -9999 -9999 -9999 -9999 -9999 -9999 0.615846604714733 0.510228965883048 0.863519297382594 0.646147217291499 0.566365473500074 0.870078566795042 0.485887669223848 -0.397970658428623 -0.268120882194136 1.01516224998698 -0.537218053704504 -0.94330587507915 0.127459468496145 -0.768698543526907 0.393469012622596 0.166359811804626 0.206759937219775 0.0414642533700634 -0.444553757869273 1.45991579689922 0.127272327160864 -0.37245082748767 -0.0268455790385256 0.479561709704447 0.693563614536369 -0.8715124250284 -1.00266783479856 -0.678247121079707 -1.77262304123343 -1.63126531834018 0.997989919089983 -9999 -9999 -9999 -9999 -9999 -9999 -9999 -9999 -9999
-9999 -9999 -9999 -9999 -9999 -9999 -9999 0.991187306761617 0.539201256467687 0.947116589286222 1.02256413412756 0.816782411731848 0.732561374378781 0.321540649277972 0.491062640326069 -0.062843042534172 0.490348003655946 -0.196550041104031 0.385610312114132 0.712730400813195 -1.10637748993225 -0.471193817213149 -0.795906609683746 -0.335774301888837 -0.683613748089414 0.152415045655784 -0.223504810577593 0.134135117503162 -0.666370926715258 0.201565499456831 1.12401278610219 -0.259282400573193 0.803490344011958 0.692999681450961 -0.29364289476399 -1.72012291450123 -1.10076528834431 1.14826404593281 -9999 -9999 -9999 -9999 -9999 -9999 -9999 -9999 -9999
-9999 -9999 -9999 -9999 -9999 -9999 1.13476895150779 0.611977478291897 0.547672927132728 0.683190570426457 0.974468223528077 0.966618408934998 0.883756937119415 0.644819657815609 0.539161469201384 0.378445352851205 0.726487633751788 -0.0791052720426022 0.520845887206072 0.0559326380170453 0.961010290852747 -0.0821018848769605 0.977946239855044 -0.3624059962315 -1.87256078976927 -1.24792001641855 -1.29814058204056 -0.417796544428976 -0.0838605350875142 -0.315053071813436 -0.137213254472177 0.990567273543383 0.382707519449859 0.59510155386351 -0.931169019326126 -1.35441252250518 -0.0944183910852432 2.42025571004315 -9999 -9999 -9999 -9999 -9999 -9999 -9999 -9999 -9999
-9999 -9999 -9999 -9999 -9999 1.4576464070401 0.274448826874291 0.768218887324233 -0.418932804587492 -0.708326180166964 -0.0882144913025074 0.094822574345944 0.349966483169038 0.15057033539492 0.517598035792439 0.375244024709202 -0.381801307132348 -0.139826674878481 0.562735625410281 -0.475714676005884 0.157014912718725 0.595236080589837 0.245712267982715 -0.632829511409909 -1.05967492411192 -2.18065257224827 -1.37017999787524 -0.779584275527503 -0.700037718611002 0.260513988204586 0.265647267476734 0.742658925009244 0.992004565973816 0.656053990074179 0.311951453215809 0.966408058259142 -9999 3.26738929812506 -9999 -9999 -9999 -9999 -9999 -9999 -9999 -9999 -9999
-9999 -9999 -9999 -9999 -9999 1.1371143074403 0.382951175935965 0.320024982671238 0.835311703433676 1.47630508449163 -0.424730865624404 -0.502878611460378 -0.626899636728541 0.298649025439544 0.220450920989585 0.438012670632317 -0.762358142584294 0.816581089695045 0.0586717378298969 0.468562534435837 0.411934430925884 0.16289797098481 0.495083384630661 0.276768822358315 -1.23049759430917 0.382776158114614 0.0532730077081235 -0.0870437288184237 0.151705595500344 -0.236801784897851 0.412236549694607 0.667123844133258 1.08218185882281 0.491671087906465 0.0155336685549951 -9999 0.437407831921568 -9999 -9999 0.479494239878134 -9999 -9999 -9999 -9999 -9999 -9999 -9999
-9999 -9999 -9999 -9999 -9999 -0.785571878281305 -0.617402752968807 0.830690040217545 0.861593077179893 1.50834537237513 0.531014644356695 0.645463582951655 0.514462804429894 0.512759154840625 0.181963927599327 -0.245657824401828 0.836118259428728 -0.180619647249966 0.288077052832324 0.5426470272963 0.429081841058092 0.305948830326901 -0.318338539663193 -0.239233685422364 -0.975515597208315 -0.0780495074398398 -0.59242684174959 -0.129739729884211 -0.413503086224855 0.512059150968427 0.127985587428485 0.493902033152516 1.08504352401268 0.157708702220137 0.0892754090636439 -0.416189026176109 0.398472960230685 -9999 0.916901972788888 0.558380708962132 -0.111481154144705 -9999 -9999 -9999 -9999 -9999 -9999
-9999 -9999 -9999 -9999 -9999 0.798564939136276 0.415836063951155 1.57667529714314 0.886924259405391 1.70423060600981 1.08496582795709 0.267787867054262 -0.0263199221958612 1.11721777352488 -0.765910937398019 0.771669968221744 0.255498247286142 0.46516073515489 0.38931994727061 0.492952079382514 -0.0847881800914998 -9999 0.572956257744291 0.851279274883684 0.37398928161517 -0.936686923701514 0.411470296769922 0.833808263335158 -0.555597405813716 -0.30677774800845 0.0707606517880622 0.767282883502817 -9999 -0.449878150695127 0.0366948268005219 0.0328009901788792 -0.108133328044259 -0.413904280891644 -0.563939654577701 0.0559621700564929 -9999 -9999 -9999 -9999 -9999 -9999 -9999
-9999 -9999 -9999 -9999 -9999 -0.129287165152927 0.486340914848691 0.997633639938524 1.16345447956577 1.18716486430402 1.40119850390039 1.12977972072867 1.17960680313933 1.70711835164012 0.158970474697081 0.246974933932261 0.630693921543013 0.837263993249706 0.0397038908931149 0.845718101182787 1.39320426461812 0.938385913621638 0.758765623295525 1.12097065628578 0.590420118327453 0.945905755359911 0.414457284450358 0.251395154672849 0.258552097089749 -0.172834956823464 0.647476068042021 -9999 0.906912807306139 0.206920346699463 0.154934826090185 -0.164179265796474 -1.1935055442364 0.384971797848454 -0.558655431263592 -0.497435782358928 -0.888592682019924 2.07836818958759 -9999 -9999 -9999 -9999 -9999
-9999 -9999 -9999 -9999 -9999 -0.203071546026387 -0.443505596272174 -0.421790136167699 1.00057022958309 0.453259176803381 1.13857064128751 0.471784827743182 1.42683482536766 0.911577531265018 0.686466257603593 0.54404596555087 0.458338519507818 0.8481525386867 1.16768285700171 0.732822517168026 1.02863929469414 -0.058861409185845 0.412990259436743 0.75356963661873 0.366608476754125 0.738239770707269 0.71585979560995 -0.0246170677362909 0.0466957023752706 1.14269346835149 0.182584182858585 0.0733956991609371 0.548816058170922 -2.05189646090581 -0.574805615546554 -0.688511081529158 0.622449144542191 -0.648396165684064 -0.0379388367985558 -0.412462361259612 -1.13519126695868 0.947660122085709 -9999 -9999 -9999 -9999 -9999
-9999 -9999 1.91763680029916 -9999 -9999 -0.845946859498747 0.010618191210243 -0.0963305437917352 0.111384443391148 0.231980355616375 0.835635018791804 0.0734849697188402 1.14398363288752 0.188306012126214 0.304696543225644 0.891705295994715 1.14268073403764 0.527557127151746 -0.83815431278699 0.0690041725000642 1.66403504580461 -0.505226800015871 -0.160324511909094 -0.549797270724208 -1.56621411626504 0.815504434497316 0.926046991005889 2.27136786642718 -1.37846764387413 -0.812966603579971 0.377650324100416 0.15235137360223 -0.400650041823975 -0.519983036413148 -0.171267602531108 -0.66898438165175 -0.870117237479785 -0.110154035397037 -0.995197462209278 -0.976745525311825 -0.0661819589611367 0.239468733077324 -9999 -9999 -9999 -9999 -9999
-9999 -9999 2.80586822307005 -9999 -0.313077605386894 1.40453933732381 0.716139326693475 -0.465576351952954 -0.302700923929076 -0.739052104770326 -1.04641621902957 -0.355565920690367 -0.533780072746791 0.0689610821498978 0.370651319291476 0.678862807407922 0.857920285500816 0.197216920745938 0.592360787068288 0.759601879222807 -0.0226995732627144 0.217094698490561 0.0026717145856455 0.338765354514773 0.494065481747669 0.660161455981929 1.42050697479242 0.931087178741121 0.536276692719109 0.909130934715461 -1.32337861449312 0.318242384352029 -0.18306563018232 -0.267825486864255 0.365877927795873 0.206649678444072 -0.662477737229766 -0.40057810151036 -0.202350596045008 -0.862968359193752 -0.127777946115891 -0.396308485543172 -9999 -9999 -9999 -9999 -9999
-9999 0.137901913685948 -9999 -9999 0.428194327646088 0.206173916611208 1.78092980724856 0.684645906497504 0.32038715831178 1.02445296354157 -0.391444279983422 0.0802339667033481 0.206345168497142 0.675316467172105 0.35887566373966 -0.362289336106995 0.925430378028221 0.37052977770753 1.1842843439288 1.55717296161641 1.60328838601682 1.13870793672752 0.849228298024708 -0.746538797186948 1.25479866756559 1.42627844745233 1.75370659370243 0.537351634370202 0.511120300239419 0.238992719925899 -0.526717628444818 -0.297793918078122 0.636287275272721 0.651775311590159 0.527506214791828 0.119720820295456 -0.448125823268015 -0.543904939999079 0.0216617953032994 -1.37165579525229 -0.972371657430787 2.15164582541598 2.49221370085296 -9999 -9999 -9999 -9999
