Model-results/Spatial/Envenomings/Incidence.asc
NCOLS 53 
NROWS 93 
XLLCORNER 376490.070567719 
YLLCORNER 384721.488324056 
CELLSIZE 4595 
NODATA_value -9999 
[rows 60 to 79 of 93, columns 0 to 43 of 53]
-9999 -9999 -9999 -9999 0.000623969297863819 0.00100755307317857 0.00112776182531186 0.00123054927527243 0.00124625175513537 0.0015090890780967 0.00163173221522703 0.00155605725320061 0.00175959738240015 0.0012438310050296 0.00168109004196441 0.00167441481198085 0.00172506475953648 0.00164970017154152 0.00178934704630119 0.0016025763038501 0.0014419610030473 0.000831529621065589 0.000813896520349733 0.00068993844984136 0.000810264023410672 0.00092709855370647 0.00138735787279077 0.00120820151207252 0.00115228038180315 0.00137191148449387 0.00160399867106288 0.00261107648490491 0.00266881637629622 0.00359222852319538 0.0027021312502093 0.00363079031621054 0.00356565337324969 0.00248251716811582 0.0024040871009709 0.00251876631269186 0.00268498955706871 0.00225358018399908 0.00318571250790017 0.00286731473486061
-9999 -9999 -9999 -9999 0.00048149033718903 0.000778594309126239 0.00100264888523945 0.00105289096437368 0.00138811025074568 0.00123526461582696 0.00123945987706987 0.00118110635472424 0.00153730393418619 0.00135831901440827 0.00160471795747175 0.00166124927747775 0.00119409680304565 0.0016655085896685 0.00129799685688174 0.00100852784697699 0.000774536548522828 0.000871314541651557 0.000868701862436703 0.000704028117725911 0.000928607635464113 0.00118387475576704 0.00155608340914842 0.00202547063078893 0.00137244771338227 0.00156664108658652 0.00156079934101503 0.00214218226582248 0.00294193487539592 0.00362240405875993 0.00261844807553438 0.0031248884498789 0.00277832884494824 0.00277891791781717 0.00269340135449923 0.00301078309281625 0.00267363896090444 0.00280587384734671 0.0027362076522281 0.00287560309046538
-9999 -9999 -9999 -9999 0.000541631764866006 0.000745721969867069 0.000985421543738533 0.00101655671231008 0.000967665616516159 0.00113999501120364 0.000988015445917768 0.00101840109428448 0.00124955691440166 0.00108003649869319 0.00156154947604615 0.00156163124519034 0.00158634038174851 0.0013552676606372 0.00116431465067664 0.000986719986765351 0.00122267239657491 0.00093543539803542 0.000775623360536338 0.000965089346902748 0.00124394093206519 0.00131283411932984 0.00172450774232583 0.00173911677460879 0.00162365159366873 0.0017415318307784 0.00202810673902632 0.00278551073427065 0.00272870191735433 0.00295662286171901 0.0026954996778428 0.0023651535518633 0.00279229473515587 0.00281049136403275 0.00264290460271718 0.00264919995595944 0.00299374314432741 0.0029590013857851 0.00280434893159843 -9999
-9999 -9999 -9999 -9999 -9999 0.000956277049645492 0.000807217466722833 0.000784593993322492 0.000879356659596937 0.000937718655485864 0.000916526798516539 0.000990089031706896 0.0013962923901853 0.00142637074307039 0.00130998317781655 0.00149679037450063 0.00159919910205398 0.00135291529072728 0.0012440773391527 0.00142810850849484 0.00134965190987319 0.000805767384418683 0.000916621500148265 0.00141687798038279 0.000835397311380376 0.00105747741703902 0.00113533657763317 0.00159051894891723 0.00257377516189521 -9999 0.00327728874282779 0.00292639457396295 0.00303192122432538 0.00247601044770991 0.00244971126285361 0.00230173628080209 0.00250307257264406 0.00242255983625601 0.00262165422904061 0.00259296769234018 0.00275674875645853 0.00307346292244033 0.00292659492280716 -9999
-9999 -9999 -9999 -9999 0.000238047657523951 0.000534303538942928 0.000612526626651519 0.000700606534839564 0.000667343061711621 0.000791576639737769 0.000785409213890488 0.000881947249689065 0.00158506853435329 0.00151530732200291 0.00128218206378679 0.00154679863212378 0.00154986812453515 0.0014349399380613 0.00130553675511611 0.00149531752657387 0.00127261435103314 0.000832378763586707 0.000876013452607031 0.00117896997789988 0.000969988491486885 0.00122875246220497 0.00142289838871151 0.00127032308029901 0.00195737989180227 0.00195383669681743 0.00185098163955379 0.00268114322998678 0.00285131101076465 0.00213072827465504 0.00222807513044212 0.0014994880913352 0.00215907755658342 0.00211707424813151 0.00189771372022867 0.00241289676105134 0.00290588291037581 0.00304435760546341 0.0028289266059624 0.00287372668973426
-9999 -9999 -9999 -9999 -9999 0.000598663171120693 0.00062032297991335 0.000721797449499722 0.000719625155829705 0.000688616859460481 0.000773980746655847 0.000992409221997277 0.00144090935561049 0.00140071213490689 0.00140960027394058 0.001458799859443 0.00153704512024151 0.00137489397367891 0.00108722006338707 0.00113902801511421 0.00109429054125544 0.00102958817423991 0.00117073670769922 0.000972549435366046 0.000846470633014778 0.000510348875540445 0.00110852950697603 0.00154043440298992 0.00122786326801323 0.00152478338176252 0.00150635413990101 0.00232273615765127 0.00250732107747758 0.00227031085375479 0.00225770118791215 0.00131023787468241 0.00164551941642053 0.00206098263685594 0.00211580040995322 0.00233741456056893 0.00284852828202372 0.00281380557294869 0.00255342239304197 0.00277345450130176
-9999 -9999 -9999 -9999 -9999 0.000428359425471886 0.000445742615630329 0.000515845834819633 0.000582668539216778 0.000776724233459997 0.00100184581240936 0.00112273787617026 0.00148783682203978 0.00141383177775884 0.0012580188259482 0.00167991248818634 0.00136950337104482 0.00140508222473126 0.00108054410407274 0.000976652516550857 0.00116561828153478 0.00128499077251971 0.00118307879422709 -9999 0.00138658679649705 0.000649187886468162 0.000766808777217813 0.00113216461244025 0.000586803510355676 0.00123114606223479 0.00180897537449162 0.00230414883940899 0.00183082580926077 0.00210111032016383 0.00168549805703151 0.00197365928039413 0.00130975751340392 0.00195403849111801 0.00219363381458017 0.00236600958600928 0.00267636837498744 0.00267593758662006 0.00271000077978286 0.00248454109855124
-9999 -9999 -9999 -9999 -9999 0.000362412908983417 0.000373469123860223 0.000374760411361316 0.000572544182791874 0.000807384212716811 0.00091981202230692 0.000993124389784179 0.00125293425906095 0.00138459036506971 0.00142355577836178 0.00168602275693778 0.00175520750789286 0.0013421779679727 0.00144943675774557 0.0010511459868548 0.00126190873514896 0.00115899008256263 0.00101335277940017 0.0012005043513039 0.00104435350791275 0.000523301393264862 0.000332259885692624 0.000377417421091773 0.000568171660523952 0.00108535828037671 0.00167184075383277 0.00188926297094736 0.00152194863663742 0.00170575951533907 0.00152075205111961 0.00162484599893734 0.00126560906621301 0.0018792773899759 0.0023702835479499 0.00235045506360968 0.00264272802896929 0.00269882717043324 0.00275137030424346 0.0025142636559559
-9999 -9999 -9999 -9999 -9999 0.000153677934861229 0.000226657256974989 0.000364692144648838 0.000534021377727681 0.000872971864420501 0.0010108254712072 0.000862301497915898 0.00125757876598575 0.00103133689825395 0.00141247869137057 0.00192844716228046 0.0014887479577204 0.00152986004236052 0.00126867485021567 0.00149157055781199 0.00113396844085718 0.0011866638674933 0.000857990802595101 0.00136987709590757 0.000605448385244481 0.00034622984846107 0.000197687275737647 0.000175703333774366 0.000335138111210619 0.000896496581413679 0.00105709812932143 0.00194447443828702 0.00152541275405496 0.00112533740277647 0.00105526320554711 0.00144855291552159 0.00129331913370144 0.00198012400864577 0.00229219426204257 0.00250202347989198 0.00247177351496575 0.00270736315411775 0.00293527484145381 0.00300598375396677
-9999 -9999 -9999 -9999 -9999 0.000143727348180449 0.000261234288727554 0.000409614808469079 0.000599716186686985 0.000877542555906804 0.000822740144767615 0.00099193533301804 0.00117915902885742 0.000831215950026905 0.00175601285101145 0.00223200624199809 0.0018170667659434 0.00240343761659296 0.00157396851224715 0.00127371829318805 0.00125861353468522 0.00137808315831832 0.000975594604863591 0.0010386499661444 0.00100084896379942 0.000631168615923309 0.000436496005131094 0.000296855298999145 0.000874650780153777 0.00137663102358519 0.00137062741755397 0.00154500812731284 0.00120260777049152 0.00148848858704889 0.00124079753816235 0.00104497629182861 0.00146081581753914 0.00202864507052803 0.00236800933236062 0.00238933010291961 0.00275611849753512 0.00267298864992974 0.00287488203133719 0.00303374069073089
-9999 -9999 -9999 -9999 -9999 0.000181460090498709 0.000317533663093805 0.000378872165389215 0.000554828203386686 0.000756744011736602 0.00092519534023243 0.00122219380388969 0.00130901281529791 0.00133596899458825 0.00167220541406313 0.0024159978050693 0.00185227629356017 0.0019245527477434 0.00163499711503222 0.00131399746951272 0.00176837004924988 0.00133964162464676 0.000799961809906892 0.000671861968422101 0.000845294189032269 0.000772326625187092 0.000558448367159573 0.000482017505818883 0.000942133985946665 0.00134439142562549 0.00118830080110158 0.00166494371054095 0.00112250003568038 0.00134084178143104 0.00107876785695884 0.00136733401369697 0.00198500789821653 0.00222674816637175 0.00240913044167067 0.0025232805967601 0.00251603385917157 0.00219534511948715 0.00297631872691844 0.00235615200086877
-9999 -9999 -9999 -9999 -9999 0.000186770898028067 0.000264912805723817 0.000345112210789263 0.000529640949970921 0.000670170952052078 0.000833893384042958 0.00114557556777619 0.00116630872694658 0.00132702546277913 0.000817885922021185 0.00168111294262989 0.00159227602516054 0.00155292510352624 0.00136286790657811 0.00105607039876352 0.000763067931070871 0.00138967228355043 0.00129710805217712 0.00099573182317476 0.000612432459051799 0.000721012610634623 0.00068478533522542 0.000291669735022671 0.000651090774024737 0.000984000102810832 0.00107773029328649 0.000946598099237991 0.000812460656323073 0.00149169880075738 0.00199637004385292 0.00195339859333804 0.0026710500284159 0.00274971427930975 0.00266629885243859 0.0024881549228332 0.00235625240802174 0.00242081906143085 0.00264332946262428 0.00295997086492983
-9999 -9999 -9999 -9999 -9999 0.000271475352382671 0.000315499868890898 0.000450496024801013 0.000608781041296843 0.000669715567728233 0.000796217642928217 0.00125190851910218 0.00137739733199672 0.0016863214994545 0.00156733252379594 0.00137014618239197 0.00153642240428206 0.00140013964764891 0.0014505260653997 0.00102128156420237 0.000577637322071191 0.00209813362397581 0.000978331844835957 0.00102516306984218 0.000821529652483208 0.000744586975278075 0.000414006084187314 0.000265672592689548 0.00032543567003776 0.000927897321900304 0.00132072358857988 0.000808485041892688 0.000827905768555477 0.00155877408267362 0.00299628921396111 0.00340092449374097 0.00288461907157795 0.00285933501237132 0.00281504326692504 0.00278618603029858 0.00270061885617408 0.0028629859841173 0.00308869070822458 0.00388403605141266
-9999 -9999 -9999 -9999 -9999 0.000185557383092063 0.000348565356998214 0.000563223587572119 0.000630289259228274 0.000762221477073718 0.00119415561062651 0.00136726141818527 0.00155702967117905 0.00153684944120553 0.00149071185038057 0.00138136888434017 0.00139818122104968 0.00142753442596687 0.00177712295328736 0.00156456111860521 0.000909614896888058 0.000674434376727886 0.000655955916884121 0.000648267785595045 0.000613343769307435 0.000634989604689788 0.000375699703959271 0.000389793748139726 0.00132075069127188 0.00139433758373169 0.00139161143250086 0.00117565572288857 0.00160966169148561 0.00180482674618979 0.00374490475222213 0.00331936641978079 0.00318848876378109 0.00297025438555602 0.00301426098953949 0.00293885722921766 0.00317374441044628 0.00362970335604982 0.00286737557909463 0.00312950826945112
-9999 -9999 -9999 -9999 -9999 -9999 0.00034971328974852 0.000546441580913846 0.000704684909089219 0.000794465173996471 0.000833916974823991 0.00117632108740167 0.00135544202228129 0.00174337967084748 0.00158224000640083 0.00155944453571162 0.00146424409551142 0.00113473429704674 0.00164410931250794 0.00213718231022448 0.00238496902321146 0.00223873704488154 0.0014288017460403 0.00178145508613624 0.0014658487901362 0.00142701620767647 0.00139875386523872 0.00162114058653692 0.00242434165541915 0.00298631076400899 0.00302583437585213 0.00259883609690069 0.00290718493492848 0.00232642900649027 0.00386291931450369 0.00314702736387611 0.00351210716360081 0.00266778694207948 0.00310663005957115 0.00320067421129539 0.00292467472989206 0.00304302698032041 0.00256554195435191 0.00257190261588002
-9999 -9999 -9999 -9999 -9999 -9999 0.000303300893955359 0.000611584908226502 0.000606798196591739 0.000861342450917766 0.000967062711818121 0.00120134110185964 0.00161417497147947 0.00199799692623459 0.00197444452915458 0.00178381526695082 0.00157275618614733 0.00104599214544401 0.00100044315946455 0.00184777773614826 0.00188213328927077 0.00222583978076822 0.00154007369647539 0.00169911560589468 0.00214100286081986 0.00188937564537082 0.00227010484165604 0.00263535215282692 0.00304278340239709 0.00327982632636972 0.00370640131801021 0.00346764337280354 0.00360276547086793 0.00280970455001868 0.00404865047792525 0.0034786394105868 0.00297132797867616 0.00305634890374937 0.00271498540103058 0.00291959539974024 0.00304256697654541 0.00324835418712182 0.00260074495975128 0.00233043100882468
-9999 -9999 -9999 -9999 -9999 -9999 -9999 0.000535994834819671 0.000852167060533471 0.00101460403055642 0.00117166721026832 0.00142953568005041 0.00143270702912568 0.00195679815835518 0.00170196825557368 0.0017359805096198 0.00143313923636934 0.00149921157522033 0.0016741298011903 0.00177724060713416 0.0018721950356387 0.00201299271359471 0.00198476695392866 0.00161410021348937 0.00168678385903046 0.00159946051468932 0.0028545437215203 -9999 0.00338330187850565 0.00348178781603853 0.00378599755688707 0.00371681671895574 0.0032700773387956 0.00363717791513821 0.00317119888015395 0.0037361867709523 0.00311922055246453 0.00379672051293163 0.00322020798553988 0.00290334017871302 0.00292490423323089 0.00278551369614783 0.00285007779091494 0.00296383095666073
-9999 -9999 -9999 -9999 -9999 -9999 -9999 0.000366158846856981 0.00070329259633031 0.00106965491330271 0.00121179534382912 0.00152768633510536 0.00147588067493028 0.0018242779829832 0.00190840273432561 0.001922118170316 0.00150060474727031 0.00152959362488319 0.0019649255167979 0.00189819665898972 0.00186083664958448 0.00204062926635658 0.00237560957152646 0.00269317017839968 0.00259876858327066 0.00231767163991743 0.00277577577969327 0.00325977152230412 0.00366069935635546 0.00368184821189529 0.0041040069856848 0.00399400266071389 0.00386099768669727 0.00454964485767039 0.0038584903068035 0.003344354050211 0.00312533952938108 0.00357245930461933 0.00342613548279038 0.00297684467559623 0.00303316554889702 0.00278896912757574 0.00273170163541646 0.00257051000517884
-9999 -9999 -9999 -9999 -9999 -9999 -9999 0.00028300283866449 0.00069681370886624 0.000997099103566379 0.00107200231011236 0.00148281938171222 0.0014099076084345 0.00169847211011214 0.00167719031688797 0.00169184882808594 0.0021164862592207 0.00203504350427445 0.00195933567512006 0.00258378468972861 0.00239554505570525 0.00236080170631104 0.00258022015263925 0.00309558312549637 0.00291477367259878 0.00358726055474925 0.00290448503215195 0.00421274963747678 0.00412003687460745 0.00367400076245694 0.00367786932789888 0.0052490387381775 0.00425084525250811 0.00435708211166782 0.0041744724331817 0.0035124600670107 0.00250977315851752 0.00279139146171809 0.00367843707763761 0.0028997431578493 0.00295679685404097 0.00290158845772347 0.00266912126749741 0.00263158650042232
-9999 -9999 -9999 -9999 -9999 -9999 -9999 -9999 0.000732057102700131 0.000945973056529899 0.00111866955876766 0.00132995728242426 0.00155251264974761 0.00140584236472021 0.00170905263452049 0.00172760961479759 0.00161485400276116 0.00216196809702647 0.00227510110746969 0.00202287542529727 0.00187907386782136 0.00219718498183063 0.00236523103477126 0.0027590653778224 0.00307573318098115 0.00370947452909198 0.00357986619060348 0.00362127348085108 -9999 0.00360795798163753 0.00449430636560583 0.00322171569589652 0.00364596780422789 0.00292408886034114 0.00301098936852919 0.0039092357391635 0.00272306380822444 0.00302482001696923 0.0030902036502804 0.00278611265498548 0.00291824279317534 0.00297785715365993 0.00314158253445 0.00258516787305443
