Model-results/Spatial/Envenomings/Incidence.asc
NCOLS 53 
NROWS 93 
XLLCORNER 376490.070567719 
YLLCORNER 384721.488324056 
CELLSIZE 4595 
NODATA_value -9999 
[rows 20 to 39 of 93, columns 0 to 43 of 53]
-9999 -9999 -9999 -9999 -9999 0.00179176142256455 0.000663553141185539 -9999 0.00280970740617945 0.00275363496669867 0.00329324276688347 0.00310186585596097 0.00306006268002166 0.00301015840145554 0.0029722157131327 0.00297910403894166 0.00317784930045407 0.00304289206450461 0.00319449415991102 0.00293349612331344 0.0032667270214513 0.00290786468371186 0.00305260060890224 0.00357324840312296 0.0031391093307258 0.00294970704274359 0.00267559262950976 0.00277531001472641 0.00250196971836063 0.00282206643093076 -9999 0.000607023151218249 -9999 -9999 -9999 -9999 -9999 -9999 -9999 -9999 -9999 -9999 -9999 -9999
-9999 -9999 -9999 -9999 -9999 -9999 -9999 0.00283724384972162 0.00212024353504368 0.00256279944380511 0.00269554437983973 0.00299059262207902 0.00270054381601509 0.00295859716125479 0.00299211777935418 0.00308918119197365 0.00284766581519791 0.00312306179149473 0.00257758755643802 0.00329900476504686 0.0033026047665074 0.00316642614796354 0.00327034462746548 0.00343554304520627 0.00338803203056791 0.00297122647507983 0.00281096510738466 0.00251650881217182 0.00235438906263098 0.00215600723983068 0.00105257410630031 0.00172425995321954 -9999 -9999 -9999 -9999 -9999 -9999 -9999 -9999 -9999 -9999 -9999 -9999
-9999 -9999 -9999 -9999 -9999 -9999 -9999 0.00209312786625015 0.00263117381918198 0.00216781538023207 0.0026589305201292 0.00309182986639153 0.00286905353693368 0.00275166104567662 0.0029560404798306 0.0027027268309948 0.00314105982019465 0.00278026507597893 0.00309821664055631 0.00330589926078886 0.00364380743279009 0.00354720915612642 0.00320504084044084 0.00376024342082132 0.00319478683551547 0.00311265972625874 0.00270728922667329 0.00250230939479306 0.00237320795506328 0.00240517814284416 0.0023352609839088 0.00191471018164911 0.00168373199149539 -9999 -9999 -9999 -9999 -9999 -9999 -9999 -9999 -9999 -9999 -9999
-9999 -9999 -9999 -9999 -9999 -9999 -9999 0.00224555176853456 0.00189031353365301 0.00246457828754933 0.0025151921104513 0.00292169020656978 0.00292067365939549 0.00301250037197218 0.00281349437249869 0.00313651890843112 0.00292459639709214 0.00295344385505173 0.00275655212631815 0.00310953368291543 0.00313706671295887 0.00337731762184047 0.00359919862686725 0.00357825028901713 0.00312823834857307 0.00294077912191162 0.00246605853645617 0.00267220218403133 0.00260248538976348 0.00267142468554842 0.00229601142795915 0.00247834476138327 0.00225155697568431 0.00187170097515539 -9999 -9999 -9999 -9999 -9999 -9999 -9999 -9999 -9999 -9999
-9999 -9999 -9999 -9999 -9999 -9999 0.00183839914350484 0.00280040067118384 0.00275951751086428 0.00234488539326775 0.00282354455983424 0.00271558485810918 0.00290309456058401 0.00328367740995042 0.00306301824316212 0.00291721655422678 0.00326121176173529 0.00276429327034512 0.00241978545504751 0.0024310786248025 0.00259867178363295 0.00309233648652519 0.00389461284098637 0.00353549463951419 0.00337328761434769 0.0033124893435659 -9999 0.00270614447673191 0.00258059624467054 0.00271721146272577 0.00244001954152943 0.00230091392988498 0.00256289042837964 0.00238220128533089 0.00159509935616037 -9999 -9999 -9999 -9999 -9999 -9999 -9999 -9999 -9999
-9999 -9999 -9999 -9999 -9999 -9999 -9999 0.00235435621511101 0.00247357687337363 0.00340393796497356 0.00286980468849503 0.00334054670578784 0.00262510430015975 0.00288807364078702 0.00316425157182636 0.00303976231085407 0.00307896707206744 0.00322290153728052 0.00311217402894677 0.00209661110986603 0.00207665598652572 0.00301817027072325 0.00354033403626715 0.00362097502932688 0.00351810697530733 0.00314990437401368 0.00287443869534306 0.00292438357187927 0.00283914791799331 0.00246876243338692 0.00248985288880958 0.00239870703753447 0.00230550803408534 0.00235667800581464 0.00216383704103864 -9999 -9999 -9999 -9999 -9999 -9999 -9999 -9999 -9999
-9999 -9999 -9999 -9999 -9999 -9999 -9999 0.00182486992950551 0.00263249804552023 0.00264492388938418 0.00277383833247223 0.00283287834151075 0.00294971731363823 0.00301324219074954 0.00265658139048457 0.00272926083418755 0.0025258617128481 0.00260817061441125 0.00285607087335178 0.0022478503294205 0.00201716694946714 0.00302355000058136 0.00391774153529056 0.00350627226655497 0.0028378614852155 0.00356380253521144 0.00315952501496502 0.0031081006589827 0.00290612275021055 0.00280002393604387 0.00241935521568712 0.00253839503096795 0.00227394564569392 0.00240526821450312 0.00224325569967232 0.00225764165932407 -9999 -9999 -9999 -9999 -9999 -9999 -9999 -9999
-9999 -9999 -9999 -9999 -9999 -9999 -9999 0.0022182080949899 0.00252097906247828 0.00303418162884252 0.00293518504030019 0.00292856085134307 0.00270682235124907 0.00305336785689814 0.00294542799452534 0.00293472560414232 0.00287093914097212 0.00308467823862226 -9999 0.00259843463831934 0.00284906527022798 0.00336305329004017 0.00380428990467281 0.00338095409158676 0.00361942033324702 0.00328097524074223 0.00325498866911498 0.00292268816740291 0.00284942422676662 0.00267993503954392 0.00256541387667692 0.00246600310536858 0.00269212751420835 0.00261880264430398 0.00235685366444109 0.00228971904800686 -9999 -9999 -9999 -9999 -9999 -9999 -9999 -9999
-9999 -9999 -9999 -9999 -9999 -9999 -9999 0.0024810984434487 0.00294066031945947 0.00296913961147891 0.00302551739430604 0.00302624107392134 0.00305506606690501 0.00290439052603062 0.00323125234730573 0.00294666781329188 0.00252479604073524 0.00319146716610228 0.00331426945840866 0.00278568885296991 0.00344486637435944 0.00333845247906249 0.00375882298081212 0.00353992177483433 0.00342776653558777 0.00331688947539789 0.00278385653584571 0.00293354434439942 0.00301051695647678 0.00274608035269785 0.00246345342761335 0.00245616096752396 0.00281307086680651 0.00273701668148847 0.0026622032269364 0.00291942307639855 0.00262635520458546 0.00165560381618653 -9999 -9999 -9999 -9999 -9999 -9999
-9999 -9999 -9999 -9999 -9999 -9999 -9999 0.00257338374341599 0.00308079396579088 0.00288769693254602 0.00287731669864124 0.00302574782232436 0.00313668645136953 0.00329029413661011 0.0026665307707046 0.00302855875613875 0.00280984071101787 0.00316704941353584 0.00302817389677421 0.00279710449659636 0.00354789186694127 0.00358269582710066 0.00394678657833864 0.00400935486033355 0.00365877208041185 0.00336859834290286 0.00368249589697513 0.00324277933634827 0.00318010443006339 0.00271190251943021 0.0022473642599668 0.0027165955226691 0.00233149256887301 0.00249501705953122 0.00270484691128963 0.00310710580713875 0.00244406775344437 0.000869208352330413 -9999 -9999 -9999 -9999 -9999 -9999
-9999 -9999 -9999 -9999 -9999 -9999 0.00215303450496404 0.00257391035423282 0.00296853569980725 0.00318927231875101 0.00303410920630464 0.00312570715299921 0.00316650292487486 0.0031776389466343 0.00284421537765605 0.00295002548401724 0.00281052313026598 0.00327414911508287 0.00311456906619484 0.00287060232370501 0.00272442188103905 0.0032437931405086 0.00315381473812905 0.00350254507404771 0.00419770210512243 0.00390298809376811 0.00368223243933723 0.00313870116920027 0.00280208478190465 0.00296412522427869 0.00298519029809957 0.00255118962842714 0.00278912538020325 0.00264681496926209 0.00279986545238335 0.00275678777985618 0.00203523956996289 0.000649981387238542 -9999 -9999 -9999 -9999 -9999 -9999
-9999 -9999 -9999 -9999 -9999 0.0023663113397977 0.0029068155285565 0.00290769445972815 0.00332856505208072 0.00358037555312073 0.00324663820172907 0.00318820110955925 0.00301832409372252 0.00321109765985253 0.00306872150962986 0.00292625306358893 0.00332172026709382 0.00313953205722253 0.00275856978874662 0.00340102347217136 0.00284099061929996 0.00294196547534036 0.00308563354514713 0.00361679252883869 0.00389212197241114 0.00408385384308604 0.00373120048787829 0.00332303086031198 0.00319765390723424 0.00299147773760186 0.00324811426677033 0.00293952900777328 0.00271712808036868 0.00262840424352948 0.0024216079582997 0.00186947339126844 -9999 0.000706637960444951 -9999 -9999 -9999 -9999 -9999 -9999
-9999 -9999 -9999 -9999 -9999 0.00253620479093575 0.00303589876625259 0.00326081025165372 0.0032365658498869 0.00316995935778016 0.00349781302573428 0.00330336242496357 0.00319924422859986 0.00311682093415789 0.00322125231083969 0.00293365502600492 0.00340860072687214 0.00274700691017717 0.00301981277183659 0.00294522206287772 0.0028838641122111 0.00317055138299708 0.00328473896404548 0.00347544813350445 0.00359886838741343 0.00328109909411323 0.00323073525122596 0.00312247023266029 0.00276329983853631 0.0032882428853019 0.00321184130851273 0.0029564863686481 0.00290220992712084 0.00259317973907061 0.0020155195888829 -9999 0.00112772996311925 -9999 -9999 0.00194710858064095 -9999 -9999 -9999 -9999
-9999 -9999 -9999 -9999 -9999 0.00339338248109163 0.00338503866702135 0.00317229183327831 0.00322059933961969 0.00318269703079305 0.0033259779047245 0.00326264124384789 0.00308285986514593 0.00304092533278095 0.00321603230519459 0.0034530384160032 0.00286138162721481 0.00312768064888407 0.00310983020256559 0.00297982930695673 0.00292589910225711 0.00333747991874216 0.00383013284133308 0.00369856991163073 0.00399704284583612 0.00343030569213447 0.00359818009645652 0.00330838936632102 0.00329773375639909 0.0031636094140903 0.00348599675394725 0.00297009700800805 0.00262560162635125 0.00223311781128435 0.00199056033490671 0.00225893317541704 0.00184304767968372 -9999 0.0010611153096482 0.00180148970525807 0.0021762121388784 -9999 -9999 -9999
-9999 -9999 -9999 -9999 -9999 0.00272538873153612 0.00310218953559766 0.00308237790972434 0.00336213686464828 0.00319594828630288 0.00343191470647596 0.00363319523620542 0.00354167183245635 0.00314435876043185 0.00375474979127527 0.00297126880058946 0.00325295352325617 0.00297029098007153 0.00297406188781353 0.00307045142788372 0.00359039305237217 -9999 0.00335715785481828 0.00331809768881318 0.00370097596822986 0.00419542191743233 0.00345483802502955 0.00316766882632789 0.00385284203754689 0.00391475357131731 0.0036523368789356 0.00280007627680565 -9999 0.00232023602333988 0.00197427208729324 0.00222201333932977 0.00228079419217402 0.002296021175084 0.0022473412124234 0.0018577210065855 -9999 -9999 -9999 -9999
-9999 -9999 -9999 -9999 -9999 0.00304930050021812 0.00302905857576785 0.00319469088831721 0.00318234403537103 0.00338671710517788 0.00342652428100063 0.00345610314490704 0.0029460253985116 0.00289274443927708 0.0033302462681864 0.00326105819777274 0.00331748233311702 0.00323673352669047 0.00250675019452112 0.00296464651849901 0.00275970567267569 0.00312363098633776 0.00333772082665018 0.0033678201420594 0.00372868221384488 0.00349930145069712 0.00352855009889828 0.00388385419712389 0.00410676750010635 0.00381644891908104 0.00325235209704369 -9999 0.00206067817794359 0.00217646583487948 0.00217189090840745 0.00234564049642036 0.00274225639579338 0.0019256629354939 0.00233880906544598 0.00222398593884576 0.00252650122725586 0.00130585696489009 -9999 -9999
-9999 -9999 -9999 -9999 -9999 0.0029671601231303 0.0032449677597747 0.00348068837371977 0.00318923648604269 0.00350587947720541 0.003488332432097 0.00379226621112608 0.00304018833793788 0.00328850540046966 0.00331158381767885 0.00313419965978051 0.00337167228558179 0.00248023444576013 0.00205869495259551 0.002742337657987 0.00297131792998485 0.00369507742126807 0.0037312426679331 0.00364566606366914 0.00405297966020355 0.00363225580163653 0.00361168078114067 0.00399829888336568 0.00440931286068711 0.00378732048094586 0.00353668127123699 0.00293196684698404 0.00228287901598109 0.00360783812167519 0.00271910578976869 0.00261819948225794 0.00196418848056188 0.00260412144181322 0.00230464363714391 0.00244026468708053 0.00260458423512906 0.00195234604670974 -9999 -9999
-9999 -9999 0.00183862626309846 -9999 -9999 0.00318816005821738 0.00301275680450487 0.00334153846351331 0.0032550711769429 0.00334471739903453 0.0033934982761989 0.00372171502341956 0.00335714891121828 0.00361217588087352 0.00355196514905051 0.00312586216847203 0.00308270924360912 0.00311461112929538 0.00340576861891525 0.00320225891548115 0.00307269900796651 0.00422298375540837 0.00378592822216635 0.00434685957551466 0.00490565993829357 0.00362290774962969 0.00370945298258165 0.00342612085113819 0.00456023075796485 0.00441996156116179 0.00351464012977109 0.00299033771149125 0.00273947653061913 0.00274728659232685 0.00254023662899181 0.00263913801715676 0.00273627904958024 0.00240317455362397 0.00283146263886873 0.00261192550402199 0.00233669121943229 0.00223194684851316 -9999 -9999
-9999 -9999 0.000926472356199979 -9999 0.00321560606260923 0.00249613521467339 0.0028013039460926 0.00308270042658909 0.00322890455199634 0.00335919910621457 0.00342455581150997 0.00348251566409639 0.00384237987067764 0.00349023566553545 0.00345779433745592 0.00305058511061624 0.00294080007285178 0.00350861614676971 0.00303784049462269 0.00326582184965815 0.00352763476604147 0.00372230020001681 0.00392256687182939 0.00417248019597948 0.00437300048421638 0.00425324363306385 0.00389447322461686 0.00412919347719545 0.00412083848740775 0.0035936820516744 0.00372830536288789 0.00293044697144376 0.00274338757591503 0.00258093683728451 0.00220618782929971 0.00217679694283885 0.0025737327172669 0.0026197082435678 0.00253916536882233 0.00273096501708343 0.0024123871351636 0.00250843179729292 -9999 -9999
-9999 0.0033642955096366 -9999 -9999 0.00254755456601386 0.00296563140264556 0.00224995319467697 0.00298593289368551 0.00292566473655375 0.002791568804117 0.00308841624926819 0.00299675514706269 0.00301391884632089 0.00332520190416886 0.00318227597621118 0.00332870773601244 0.00284290922998831 0.00334155863117158 0.00311332206698109 0.00297922930042057 0.00292734334194814 0.00333142258732308 0.00378540635424334 0.00473880660380533 0.0040606751085337 0.00423860901036523 0.00394640259780464 0.0043917592509194 0.00417911491994215 0.00401680168507154 0.00331775484074528 0.00292803254424211 0.00225152351933517 0.00210633431888425 0.00227221046441903 0.00248841525291492 0.00256860641041861 0.00262973959936629 0.00245132178230065 0.00277590031966899 0.002662157290644 0.00144885281233459 0.00122591954165321 -9999
