Model-results/Spatial/Envenomings/Incidence.asc
NCOLS 53 
NROWS 93 
XLLCORNER 376490.070567719 
YLLCORNER 384721.488324056 
CELLSIZE 4595 
NODATA_value -9999 
[rows 40 to 59 of 93, columns 0 to 43 of 53]
-9999 0.0023275965687536 -9999 -9999 0.00252990861784869 0.00253892372103399 0.00269323587452566 0.00294045950585669 0.00309438522202454 0.00299153407085987 0.00323606609216247 0.00267993933784274 0.00309558669890933 0.00315447346808193 0.00315576032675146 0.00253367880908458 0.00289575830608259 0.00325848458982652 0.0030236023932967 0.00378992618901156 0.0038978711432161 0.00333120293343509 0.0039386626246974 0.00403671175546793 0.00475521957617209 0.00451102646541358 0.00461313428755682 0.00433711597630084 0.00436811171230639 0.00341919111641934 -9999 0.0026879406313912 0.00236043935314842 0.00252187149933148 0.00266451531157858 0.00283970230692485 0.00275447439641463 0.00274917127515481 0.00248868960577348 0.00260701242591165 0.00220614782902461 0.0012311749061236 0.00176212845013734 -9999
-9999 0.00223584053705707 -9999 -9999 -9999 0.00227654323974084 0.00236253332442977 0.00285908588095345 0.00248733964973779 0.00308298657098281 0.00281336762935296 0.00321006686851412 0.00326146377176399 0.00325256383690048 0.00339171253820807 0.0029781502699642 0.00300949153423278 0.0036592679972322 0.00345796887933846 0.00321535625887571 0.00322984844609586 0.00423854949936604 0.00428074833390269 0.00401773904700859 0.00498714629681059 0.00511675097937975 0.00474557848275533 0.00412619686312636 0.00394766935264723 0.00349813740190911 0.00307416365369705 0.00231250142318659 0.00271609998906442 0.00255876473479618 0.0021533184892933 0.00260909083843632 0.00262928666923325 0.00273242971655987 0.00277834162218421 0.00235624895959311 0.00234870013312158 0.00275391735379839 0.00176341092149936 0.000554089211463496
-9999 0.00239917649832126 -9999 0.00113829582988356 0.00157055773859951 0.00221216984624193 0.00265765176599295 -9999 0.00282838642085435 0.00300324120589601 0.00272208919472167 0.00257146866655234 0.00295776588667609 0.00391920145321557 0.00299938796224955 0.00283137324277375 0.00289122539578109 0.00290629492838458 0.00331830316251928 0.00330225423357792 0.00344138353936297 0.00393180384775175 0.00368532181224602 0.00399777041271285 0.00475857209605501 0.00463004776786872 0.00477039614167639 0.00401877243623351 0.0032248263401396 0.0031722441507415 0.00292621247976466 0.00184990540087557 0.00242210538511351 0.00241188266990444 0.00185781121364892 0.00239386154163927 0.00245201332318579 0.00238217774925154 0.00262502084753891 0.00260793186957611 0.00242036805822129 0.00257135783736507 0.00276653894157365 0.00126677922832741
-9999 0.00110483103860833 -9999 -9999 0.00119602390841619 0.00227230468475814 0.00270060717466437 0.00251889050822848 0.00253093667451806 0.00263437851473863 0.00289880233331768 0.00263093668631456 0.00268337701182489 0.00310220758399414 0.00274142697495143 0.00305415806931434 0.00295387164988357 0.00359894191545451 0.00356734194975819 0.00379151566277044 0.0035747594749906 -9999 0.00374455446857796 0.00374978945416545 0.00457660535213325 0.00430305220431195 0.00345072629704486 0.00390020807677461 0.00378493019485931 -9999 0.00275112863413973 0.0024484702422273 0.00226853337740034 0.00235501177712148 0.00189567333139297 0.00235118491236019 0.002229121869277 0.00264019028169898 0.00265058846375439 0.00238141582313248 0.00239367561401053 0.00222205223039663 0.00251168917337463 0.00216899587594187
-9999 -9999 0.00203095273763349 -9999 0.00179947448910628 0.00231220576674106 0.00238563839758405 0.00217567446338773 0.00247049065969697 0.00237946653015473 0.00245840289767995 0.00259690304167172 0.0026879827723662 0.00283405706948764 0.00308489817805566 0.00300229744818181 0.00307147827119932 0.00342103786810064 0.00424044477483344 0.00355785921363671 0.00425516243449976 -9999 0.00404073530898326 0.00366433398099462 0.00448091113146252 0.00399275177785715 0.00427516259127813 0.00433215533392181 0.0038908466359674 0.00353795951515141 0.00321638148977605 0.00215946540752719 0.002364277490871 0.00217796955124628 0.00185676864507875 0.00256268175771151 0.00227094849570399 0.00262991999228747 0.0025419599696488 0.00233407050650672 0.00221689403541741 0.00233123105306718 0.00271121774842758 0.00220427563088619
-9999 -9999 0.00185873601822421 0.00176998469374584 0.00217136523059048 0.00276280596697822 0.00257284444663862 0.00244585463950473 0.00222282925029178 0.00245869739341248 0.00238879172470209 -9999 -9999 0.00268034358557797 0.00283108759410986 0.00329593303205732 0.0030510946517198 0.00383975668761362 0.00372466240461895 0.00373523295587608 0.00430436352881079 0.0040017150529161 0.00389065359518612 0.00358418964311798 0.00366173575484467 0.00357009561589259 0.00414382831538567 0.00433223709050997 0.00416904823101068 0.00308846157585747 0.00344388750147231 0.00285652518129093 0.00181703798998542 0.0017839389871517 0.00230026298135813 0.00245930196145057 0.0022879775120435 0.00240545434663413 0.00189054825041306 0.00266478012857028 0.00221277820851973 0.00247343429910907 -9999 0.0025082867217223
-9999 -9999 0.00171661405677946 0.0019673590112112 0.00264118370415127 0.0021920004506539 0.00267181071896091 0.0024028133810145 0.00236602261630689 0.00239699717533673 0.00234067127178922 0.00275779786421678 0.0025751153480617 0.00276284217948303 0.00272344035757091 0.00281460629697614 0.00313277887713386 0.00376509413930708 0.00387745498257664 0.0044084784185459 0.00414551653079734 0.00483757875842406 0.0046298647560075 0.00421670723014261 0.0038628681330789 -9999 0.00402279328041001 0.00411010306107226 0.00405371550236752 0.00368368940702182 0.00342125990157939 -9999 0.002007544998094 0.00215705428280512 0.00232711845999764 0.002240897224772 0.00228698874175359 0.00223222995128332 0.00139688329943488 0.00237097384875222 0.00270669943275381 0.00243824270624856 0.00236202672514122 0.00207936651080475
-9999 -9999 -9999 0.00209681730666998 0.00190546085846813 0.00228249815452738 0.00235183913457345 0.00233562000350011 0.00235644331954967 0.00247109382682681 0.00248720316671179 0.00251779202923969 0.00265610389218377 0.00274435129427613 0.00257136829903356 0.00300819800889825 0.00320056368071352 0.003561617705443 0.0034148338002047 0.00418070734492694 0.00490749179546863 0.00459303503753219 0.0040131477851946 0.00349702187828492 0.00398437178276933 0.00402501782316229 0.00360015070909245 0.00392687473812964 0.00352391188527765 0.00329943539059697 0.00334416809577188 0.00288937150420647 0.00275372971232682 0.00216525547544572 0.00217850073693564 0.00292879004310403 0.00261916014229502 0.00216651035259751 0.00236541888846299 0.00231856630765055 0.00250383888082995 0.0024507020983678 0.00205220673147418 0.00238355567622591
-9999 -9999 -9999 -9999 0.00224654260853599 0.0020138725013218 0.00226008884408339 0.00223177485672259 0.0022221014852485 0.00207845910936213 0.00223305176950781 0.002085154272859 0.00227028452200632 0.00238198954080292 0.00247929356187866 0.00284272698481492 0.00322895185843717 0.003273214913161 0.00326860759833928 0.00424320041800525 0.00404104934964496 0.00380638761420792 0.00366213891546402 0.0038154769473636 0.00377738817680149 0.00353424111438702 0.00409807482863879 0.00404224792952547 0.003620749727658 0.00357665270521267 0.00325122953581091 0.00311253583419066 0.00233908155709093 0.00295017079960428 0.00310939635039784 0.00238939107386934 0.00276047194057559 0.00222151953477731 0.00260220441285272 0.00287318505458695 0.00273607026006929 0.00217431675506136 0.00286629082014214 0.00267661823151698
-9999 -9999 -9999 -9999 0.00209448148264791 0.00226739302282143 0.00226477447760555 0.00215596083581267 0.00192317066726816 0.00210739805994355 0.00190289389460538 0.00195310024470059 0.00214792067289209 0.00227399149608999 0.00235100415150762 0.0025273963897824 0.00273028544761689 0.00296585420366044 0.00287109326735717 0.00338259239736833 0.00335989558165095 0.00342194995645368 0.00352859406114831 0.00359711413155762 0.00335590998874551 0.00327505631828341 0.00391263245068697 0.00324522005792452 0.00360006386728906 0.00359438689505997 0.0031413461904678 0.00302600484842395 0.00259525298774617 0.00257558377539324 0.00260753814975133 0.00273405449440456 0.00281370415676673 0.00235611523727347 0.00256719357055561 0.0028994390590149 0.00269498800244108 0.00276211067932919 0.00223553382248102 0.00302911512922202
-9999 -9999 -9999 0.00144804162033758 0.00188499782463953 0.00201440657713708 0.00190485934006439 0.0019375879770866 0.00191428311230783 0.00174070852277167 0.00174296437552226 0.00168586910371859 0.00190755875181274 0.00210401533886431 0.00217915271024753 0.00246854297972022 0.00241576231490506 0.00269024808406194 0.00266797007853975 0.00300854523826498 0.00314507590826188 0.00304403603506951 0.00258033430727861 0.00264760608146167 0.00279461318276035 0.00308581943421467 0.00343854311207741 0.00361593402007529 0.00376287077609268 0.00354708893505548 0.00318111801855217 0.00310971027821642 0.00267024761961969 0.00256217155926278 0.0025868305028359 0.00306752205195206 0.00265658347289551 0.00252975291102121 0.00258474920133934 0.00288190942271955 0.00329805111252749 0.00236313150556546 0.00277561270287135 0.00247648750573349
-9999 -9999 -9999 0.00124335649326253 0.00174384004366954 0.0020682775112761 0.00189218095252746 0.00159091601622544 0.00161930966686115 0.00167917433659631 0.00171113001652058 0.00166107729411931 0.0018310695670331 0.00203205885756568 0.00234910303715286 0.00224450022701307 0.00237626152173361 0.00267582145983624 0.00271599667589469 0.00273408275609182 0.0029980112219461 0.00267373909900583 0.00238584677594819 0.00283854893439506 0.00311285840984738 0.0026116595527207 0.00287904514616966 0.00342837607015922 0.00306136633078535 0.00346310452533721 0.00326322640447014 0.00309329462865578 0.00267128138601006 0.00253130006833674 0.00272120700347538 0.00308616557216195 0.00235950336337288 0.0025440751283342 0.0026841143711461 0.00351553065889319 0.00294253135769761 0.00281842773056818 0.0024509138763803 0.00293321028622627
-9999 -9999 -9999 -9999 0.00188651656211973 0.00200896132243858 0.00203304033433102 0.00182730062399426 0.00173162195718485 0.00169553871458069 0.0015938335448919 0.00165233538017752 0.00186350273163352 0.0019122160175424 0.00219015986358767 0.00224506972207501 0.00260890415544809 0.00228703553065427 0.00234700385817529 0.00248280963898342 0.00259372875032391 0.00269584676182087 0.00223284760395375 0.00240409357351543 0.00286862366639609 0.00304366355228221 0.00302674701247845 0.00319362888644526 0.00239222478216396 0.00337531219889226 0.00281062483122389 0.0029925847247838 0.00253752299620198 0.002610904034859 0.0026938129028361 0.00286336008405091 0.00228616579744685 0.00226506316732092 0.00267930136354445 0.00338332041835842 0.00273279940188176 0.00305786304884483 0.00290629445183377 0.00245288468863869
-9999 -9999 -9999 0.000982300831577682 0.00181073332395853 0.00167851204576351 0.00146136193619084 0.00147562608555692 0.00153397456246679 0.00164369772751821 0.00165483224823516 0.00174520677083085 0.00164299660124445 0.00201102537537394 0.00224046128261089 0.00227049383692106 0.00242261279163484 0.00211477367507003 0.00201644447024986 0.00258290700870768 0.00226520821839321 0.00211704304856971 0.00157219985999244 0.00175948021624065 0.00229472830133603 0.0018698322774912 0.0025823941242473 0.00264767822566441 0.00312912867966313 0.00336443787904831 0.00257340254781405 0.00277185001271875 0.00239782533391528 0.00247185820019309 0.00333407546715046 0.0035982182943038 0.0028847382296753 -9999 0.00325490962726293 0.00317480473159503 0.00286474161756928 0.00258497450606185 0.00248810033656763 0.00258353369628314
-9999 -9999 -9999 0.00112131335506428 0.00162539744339779 0.00170712236439032 0.00160369919825157 0.00164557862845805 0.00154463099900968 0.00141026705879157 0.00154969275585226 0.00186393053505424 0.00186437642820369 0.00193286331390095 0.00196741707547438 0.00226353160278164 0.00208439124916187 0.00198028295596276 0.00203390995192618 0.00227168810743017 0.00228891720987444 0.00224576305684123 0.00177877714416414 0.00210181869675823 0.00192757134612499 0.00120736368738981 0.00210278567400322 0.00262666777825793 0.00304804610587351 0.00321978354749437 0.0027219024773982 0.00271557046227335 0.00252869448347633 0.00247461103933526 0.00319540232994694 0.00335341821951738 0.00237390514483462 0.00290075411485954 0.00328679032733413 0.00362261252820892 0.00250599331857898 0.00236136594033794 0.00264690048824105 0.00310918509804074
-9999 -9999 -9999 0.000909954972722263 0.00129774696258292 0.00144309039473715 0.00144089821314839 0.00143253737126776 0.00145202724768864 0.0014842944032008 0.00166988913561 0.00169221808744909 0.00156474137791538 0.00193036096238915 0.00192517697070123 0.00218418886041507 0.00163642704151456 0.00184504979454455 0.00230971425968246 0.00217300907709547 0.00195208808853484 0.00226791798180609 0.00156316833111689 0.00203898118022635 0.00206445067982955 0.00139664975940354 0.00141084033354596 0.00235985312438701 0.00284241919852704 0.00296590048288577 0.00248378130397305 0.00269880440334583 0.00259592558481376 0.00250268795479793 0.00242280078166131 0.00288457439682265 0.00356340180610366 0.00308592482832315 0.00317625554442437 0.00289465291938193 0.002479987948606 0.00229445157343661 0.00264194089378777 0.00270179557838861
-9999 -9999 -9999 0.000832274641757602 0.000903034892670659 0.00155318449676526 0.00141092802716441 0.00153896472149442 0.00121819535682608 0.00110504157446347 0.00162508259981086 0.00179673431621169 0.00157659780519763 0.00176399731918318 0.00206670227298216 0.00223482715051723 0.00124022906618992 0.00148041556630113 0.00165292125205038 0.00201509730450818 0.00174123344326118 0.00190546524598637 0.000973005683695903 0.0011822760170374 0.00152702256686469 0.00107030191064618 0.00124958989513827 0.0016093857526022 0.00176616886804988 0.00260565254619705 0.00237540892912603 0.00251690760191199 0.00286816590094256 0.00253796769284376 0.00285698734409151 0.00328557076828844 0.00337939431835741 0.0035313624962252 0.00313418345961481 0.0026615408312601 0.00236656363670856 0.00214704342830695 0.00253965223145462 0.00270402290960365
-9999 -9999 -9999 -9999 0.00100583769682348 0.00133286949557088 0.0014958502624763 0.00145731504228103 0.00158162178568566 0.00167281144327902 0.00155789140670602 0.00174529107440441 0.00164440601609707 0.00164689377976013 0.00190991553789428 0.00207015800173067 0.00145083994308746 0.00170374051991913 0.00184357586260352 0.00157178731787647 0.00167761329101192 0.00180578898703393 0.00141537583441066 0.00111014250909149 0.0015465031133067 0.00104557907835846 0.000862437649077657 0.00110890610757087 0.00175296351741724 0.0018060255074225 0.00237332816132094 0.00256518697458831 0.00276237203989731 0.00278323079756766 0.00298973916568381 0.00363892667790024 0.00299118177398051 0.00284440877718977 0.00249280852929592 0.00328761704581425 0.00275892289012982 0.00264460701962498 0.00287913165475372 0.00278858622841687
-9999 -9999 -9999 -9999 0.000868633380797979 0.00102153921425159 0.00128439471482438 0.00153045226516082 0.00159751519023729 0.00166472277445551 0.00172150786125289 0.00154493328608645 0.00158897341810034 0.00164711409029127 0.00198463037370791 0.00193866788764515 0.00163596099257441 0.00149137521228287 0.00187417823932893 0.00203042463940533 0.00165822526716088 0.00165555023438595 0.000956149876059544 0.000984720212237971 0.00123028054243446 0.00124037883645986 0.00127216135969922 0.000925807834261529 0.00145206674534426 0.00134787077124195 0.00155607171871813 0.00258438071887823 0.00289180098876388 0.00359017517820074 0.00355498070907056 0.00379085712801659 0.00319028514754199 0.00282558164814255 0.00263572679460705 0.00294208386966135 0.00220139317225191 0.00272402213023432 0.00315480094462238 0.00324574230297156
-9999 -9999 -9999 -9999 0.000686062622307402 0.000818163317010991 0.00107724763361334 0.00141911375004333 0.00143175594908979 0.00154510926125104 0.00147204947571095 0.00142539909297038 0.00178800447103829 0.00171638289837275 0.00186753021361256 0.00143744329355266 0.00167514619213359 0.00151483140977144 0.00182819686116394 0.00233008702254004 0.00162148144251092 0.00107369506662958 0.00114916939094195 0.000820652523878536 0.000854410141391007 0.00112345298929464 0.00145503574780491 0.0010855882622049 0.00125464369730922 0.00145676924222345 0.00250110919403244 0.0027558525805192 0.00276052639755911 0.00274337010939863 0.00285318397809589 0.00286158072795018 0.00375752007935571 0.00295056261289372 0.00280682319858221 0.00264500027901362 0.00277249704323073 0.00285975884955984 0.00296350820170579 0.00300236164308157
