Model-results/Spatial/Envenomings/No-envenomings.asc
NCOLS 53 
NROWS 93 
XLLCORNER 376490.070567719 
YLLCORNER 384721.488324056 
CELLSIZE 4595 
NODATA_value -9999 
[rows 42 to 62 of 93, columns 0 to 47 of 53]
-9999 31.7368646553517 -9999 11.7313823327715 30.0645637329019 15.355606896443 6.96829358249988 -9999 0.972431976528753 1.44638655333215 2.25611139936628 2.05447510331006 2.45069006650987 11.0071459172218 10.046847509189 20.4977376509832 24.5729200349282 18.9254871982685 27.535784247687 33.6649253566941 29.8575182337706 29.0435119627199 27.0320762712861 17.5635276330839 8.62369203251542 8.21544678438126 19.6087357373557 3.41011607264298 2.32271421423992 3.98055395099647 20.2146422979834 25.8125863740561 18.972584574447 16.8933409135192 14.9171181915906 1.91851218210512 1.38815033419684 0.965251121344187 0.922105722667613 2.78681915937546 0.670428936193157 0.679253882427455 0.490478301903724 0.619704024206119 -9999 -9999 -9999 -9999
-9999 8.06765293366534 -9999 -9999 74.9569857328847 21.062481394303 3.88468271051676 3.23380649922261 1.66886555694613 2.69688883904824 3.89806594492791 5.02127554825288 5.72070498056005 16.3147302242227 20.3645013730453 17.3302393502453 9.40192215114807 15.2978161718502 12.3325099134046 26.428360807636 33.6787419433703 -9999 39.8392509310683 26.0873045802525 7.99348113518259 6.03443932251257 13.6508715957794 1.70157439077047 1.74101393115616 -9999 22.3619646027701 27.7319898951312 20.9402376439904 22.9765907234643 13.9846581129823 5.20632544645962 7.39945163871503 2.88067057241651 1.28630562852722 6.16801249792791 1.05473072254084 0.499046861884214 1.86241748288651 2.58640525474185 -9999 -9999 -9999 -9999
-9999 -9999 16.4399876302377 -9999 23.2685900088607 14.297841724401 10.2047658681533 3.00213128409964 2.79623186934174 7.11129427560705 10.6147599285825 10.4493539777945 9.0132013811977 7.15654854636907 20.4788951672528 19.8463844862834 11.5146914209652 9.97159942186157 6.64860364640965 11.9263119650003 24.8098875314771 -9999 17.6591038447109 24.8196998453084 8.9677058343769 12.2565341982901 14.6973364366316 3.72228609894217 1.93774127931454 6.8716233486368 14.3060643626013 25.1103408695509 26.6720080931268 17.0621770319061 11.280920116933 3.05674622543883 7.41801129306442 5.31685348323076 5.45494162570175 6.29149294751046 5.87453067422383 2.14087671450247 1.38612434012504 1.21461957505515 3.32986955198763 -9999 -9999 -9999
-9999 -9999 8.81581430072729 17.0086958245708 21.5631540107852 15.4961058087462 12.3861123129773 6.90844455628015 7.07274687007893 10.370847285705 9.30018090747607 -9999 -9999 8.17333416582666 17.1379705053349 16.7182936703701 16.0346889408174 14.2224586080905 13.6241399023134 11.6818754405823 14.0186451436669 17.8657516179574 29.228141338819 25.6070149226033 17.2481244851556 14.2162795339805 15.2937746256495 5.01407769019334 8.27557422533742 11.7875642769446 7.18601079749753 12.4116879172916 44.7896703035349 33.7976847998502 11.9309842297577 7.46909424284883 6.26391423523425 7.6641860951486 3.73320439626061 2.47844685275866 1.51316996303663 0.731637603895605 -9999 6.15087836493692 25.869426817862 42.2983596226355 -9999 -9999
-9999 -9999 13.9150640830131 19.1296135182565 10.3090047725978 5.6366284387344 5.93853395408607 5.26533083031895 17.8750049423865 9.85409461879067 6.69315444497865 4.38973311678311 5.67896694348968 8.33128398369067 17.0891338705886 13.1239256429262 10.9337368139685 10.7004384545328 11.8183560501752 8.84343106309344 12.9544542661347 19.382119861986 25.6741328648022 32.8302673005921 39.2062535812999 -9999 14.6817302871922 6.97381802866974 8.42936810959722 16.4911060817403 3.97211763893645 -9999 38.0786090628245 9.74103241964165 11.7915858939543 8.18522898629838 11.2821759227333 6.17573544451017 0.416003298800824 0.744656447200173 0.547141098090231 0.443029695365526 0.47484833589426 1.29932352418696 25.109886886544 68.4382389483714 -9999 -9999
-9999 -9999 -9999 12.7948438736911 5.91276616775802 3.30623840583806 4.42054319025268 5.76728088293596 13.0466358701228 10.8470873265422 7.3250310645751 8.1022928012203 7.43958750667286 9.77650801572636 17.6340497597318 15.9344961359579 16.321753862761 15.0958738927387 12.7931899850227 6.25716302295829 6.29843000679658 14.8446933047049 37.1894480304367 40.2563818389215 47.9280783322885 15.9436594550488 7.48638401554484 7.70493751524384 9.06243627098024 21.7957526885908 3.98308389831768 3.46633014275462 3.82417232613553 3.70599573717087 7.99737769912105 10.8351378832388 9.74747501153018 6.89407736894001 0.744958043892662 0.374674961750582 0.438403688913125 0.363317538481799 0.455788987327105 0.815899375364353 4.45990570985929 40.6737704426348 -9999 -9999
-9999 -9999 -9999 -9999 9.85697689115849 5.21974703804455 4.22324596262245 7.05729589777805 7.44675496207494 9.88953155595143 10.8660352086061 9.16675512126599 9.85180560991981 11.3827252526166 21.5914506857051 23.7787623855955 16.6627679079056 14.3178744689494 20.6664838856806 15.5679500919381 10.1699878043886 29.1728211304772 30.5256365205928 22.2994881444143 20.7758195776058 9.0245145667013 1.80067998977948 7.47864683176616 13.6665010044574 11.4228973017682 1.32680015877023 0.823754365288712 6.55659827435033 10.914236382828 11.5032956449547 8.83961666786302 10.2124404110039 7.64026160326236 0.538538855458691 0.426801773359573 0.385931476335081 0.302659352278294 0.457943988017201 0.847971207713595 4.25203322640497 17.7054493173698 60.7663714023475 19.2604315222567
-9999 -9999 -9999 -9999 17.0845622731322 11.0687862193788 9.21365395474412 9.01338950785948 9.71204098421106 10.6565832424345 13.8611830802128 19.2897604503596 11.9219650731353 10.0703402568827 11.9965868317928 14.5018068544266 13.6030757383882 15.3907978927308 19.879708561336 13.5852369060702 12.0692316529418 30.1841301298929 55.1245164927008 14.430927374419 21.0447778944758 5.4574491025442 2.40996839197133 9.4953710286084 26.7001513400816 5.94017915789111 0.744712429827046 0.773418247769672 8.56885077180479 9.52844172829879 9.64665770945395 10.1147082737067 10.4093745878332 8.40961815506867 1.03215916136519 0.406589747082328 0.377996795853764 0.387992196732248 0.322369244820798 0.596528585900128 1.24016511739231 2.70478927413581 22.1699505450425 171.480912998968
-9999 -9999 -9999 15.0374354943394 12.1631988336683 13.9290067223418 9.20197354123079 9.41867422982342 10.4334926036436 8.40913936056458 10.896015517503 20.6294991826584 12.6037448990073 9.26043651155316 14.2524398501222 11.4725070167098 13.5695487767225 15.5422934396071 20.8713843669537 19.0430927236596 16.667043564406 27.4520914341709 26.7964425369071 11.2103584765934 15.4356240628511 3.44762188927331 3.4419170277816 6.38337991732239 11.418146427158 3.69996753582086 0.686338344751238 0.639797244587052 7.49828643639257 8.70525185357807 9.27131511261136 11.3483808337338 9.82810213121889 9.35220947157868 1.92512016565086 0.199095794093406 0.373488990858186 0.334013634289538 0.392315232222595 1.89463773203475 4.16500565423566 4.61493023776295 6.43264977641634 -9999
-9999 -9999 -9999 3.67161207734974 13.2291335270154 12.3329404520156 10.0602270803475 6.94859709404467 9.93852131646689 9.58883453574045 8.75117412763219 15.0607873126091 16.5590754297493 18.0098508975989 14.4835753745816 11.2083530399914 17.1181796189536 14.3506605915388 19.1446183943616 21.2195058409212 19.8716661508181 16.8639151335927 27.078941655871 22.5941248273042 24.6567760963618 8.78895378634194 5.71697710620122 2.51303288636087 1.80146734886496 1.27123417095955 0.222949577658651 0.20554555210098 5.23641445923216 7.63176428485628 10.2932565270696 11.4173529217835 8.72904624591132 9.10045089426499 1.8301111302599 0.0749871699982193 0.101222518988624 0.381224078801174 0.564364138416606 2.58151383831558 4.44143652550512 5.87016293245991 8.7902528334592 9.4024287272266
-9999 -9999 -9999 -9999 14.6308130255374 10.6546430618552 8.48407050542728 9.87871250807563 13.4663732206017 9.39990186517606 10.8572098807346 13.7244145353305 16.3116621057151 17.9085419078887 19.6832955973885 16.4720351049181 17.8241046643337 21.9303672375621 15.5090820949017 20.4991407205371 34.1917577845316 17.4065607270746 22.8550829805145 19.7124141755259 11.4638779195482 4.62989270199343 1.98654197809172 4.65363923452024 4.31773683184558 0.728540554207215 6.06594672879104 6.34449031221361 6.15550318120603 9.0705560197619 10.4660080956372 11.5085406993671 26.5234694472877 11.6324249364921 0.057150184523285 0.0721670934823698 0.0582913128116277 0.239804478224132 1.23055807212452 1.86765476509709 2.66156334586216 4.00541123958702 5.45947193175795 16.0129020572778
-9999 -9999 -9999 26.9293913731178 19.6088293800824 10.7631042252894 12.380262783959 12.511284189589 13.3939042093224 15.7883395173285 19.4202953534726 14.0742425208379 19.4012432334313 20.8822413655439 23.4784646399998 15.1080050884097 11.5413296087633 13.5075782166302 13.0065804449731 23.0747954827982 26.9446748151055 16.973528151249 16.1482606243084 18.7057186602272 15.0324217846059 2.4005371816192 0.962142753205419 4.40440334652144 5.20738001570048 1.43708327418535 7.43399967491697 16.3414296756621 10.0475796884381 8.1826351488403 16.9006244477828 14.6003266823324 22.5291221468925 -9999 0.142203367810878 0.0677193990251796 0.373797875092359 1.38064590688318 1.4763332166109 1.14155490212306 1.45835944245374 -9999 2.13722371499508 5.61694441053632
-9999 -9999 -9999 41.0928608851289 18.914730358919 19.612892911496 15.9911053444775 16.8186041242023 15.3514938455746 12.4800628379275 11.116402268352 12.7059196318817 12.4251234701092 15.9049254897445 20.9148890509109 23.4410441497363 20.4623080199167 21.3720973660091 18.7264602905903 34.560942479135 25.2024586152396 22.5982707677113 24.3197739538023 30.4473631211589 14.2396974895507 3.88283430309982 1.31361809636752 2.02623204185039 2.56396924321265 3.00506674523204 9.50071488118736 13.7559295677062 13.510016891403 8.38305799414853 14.7688016957715 14.5937194510035 6.30375336784607 1.39128814732962 0.711552204995412 0.200178746204786 4.02596332465862 5.21554918080237 3.57267051369397 0.85072594972326 0.646998373560534 1.28235939128476 1.39318618411031 2.47241697413047
-9999 -9999 -9999 8.89395211259385 16.1769813341976 15.5715010289464 16.8056190627847 16.4103461181128 12.5366521560082 13.9468718202268 13.4248513776199 14.8893936492994 21.1844115545936 16.1392629619584 19.1169357525792 19.8735038853455 35.1104904945179 31.6402315012402 30.2737297358204 39.6943048415723 23.3246683127786 17.1932490380335 14.273016073206 33.5094080081238 36.2610434424431 9.56100157133859 1.14273046294527 1.34420758226931 3.56283851456481 3.73449377542156 13.8549208039077 13.5957408961244 15.2650713603106 11.962055788966 4.74565385524858 0.976326214905515 0.938764392426523 0.754155939900972 0.834496186488937 2.84632256253525 8.08466052036915 6.63639808063677 3.89832218054101 2.7705978235712 4.05523415358013 2.43524814302637 2.03657778396725 5.93057705128216
-9999 -9999 -9999 13.4679068616099 20.6943648988492 15.6838768322602 14.0601612685324 16.6257074977131 14.5390274914439 21.5254680156364 17.6857346689182 17.0732452628531 25.3641060119015 21.3362071107509 17.3015303562138 27.2004382688127 44.6536510484796 62.5928170124221 36.3274029420718 28.550041686957 21.4997049217949 17.6647772290543 8.73311603543693 58.7952169945324 25.9369691185395 6.61433763693291 0.773837631646735 0.619951207440771 1.62910107355785 1.19454456669486 12.348342402196 17.3584045237055 18.1541379422868 17.8447530590119 0.922617006711699 0.865570894524147 0.893647111880905 1.07104484133759 3.62392980679975 6.32783095034813 5.33500648559059 3.12043461267914 1.8608349820002 1.62922951024441 0.727558327073685 0.549009455750967 -9999 16.8348404661433
-9999 -9999 -9999 -9999 26.9062771205292 14.3482522378726 17.8769471779176 15.5610659313353 17.5727704523636 19.9750770427552 16.8434744758034 14.8878449420389 20.5555827203047 26.663771166644 21.4310994337866 19.929552491491 24.9962957749203 23.4258316059284 24.2945467184632 37.6338364244897 16.3769292172572 20.9115058628105 30.0304565762169 55.8657704287693 22.9881683246822 7.4831554127093 3.29376505956632 0.832426462803391 0.615507640255261 0.540614948738343 8.662774396641 22.4666653725254 16.1723027919329 11.8902699266914 3.41337864612329 0.970064881083705 2.21497021860209 3.63890833783913 3.62953293568834 6.05274147645819 2.09952705691885 1.46784455524695 1.26931207163713 0.550816483793532 0.58234500869778 0.524353524081804 -9999 14.1065304998262
-9999 -9999 -9999 -9999 25.8206626861532 18.9356996591314 13.6692575863709 12.6034740409878 11.3383790904015 13.8373917207009 16.656850140087 13.8085838586178 16.5364395891558 21.1780972920667 15.8722371470833 23.7043107862865 25.2850286455819 19.453997047058 18.2025165796653 28.8833875956619 23.1967136926775 27.3651969653684 25.7638902310622 39.4006128105417 19.4755653890061 10.9253039961796 8.40553102760401 3.23320373653819 0.49462222636424 1.92635506307732 3.84335292077413 24.7383485835687 13.238490937555 12.8697129853311 9.06250220796453 1.49974613347418 3.356234446022 7.43077908721287 13.2754989508948 4.4181182595978 1.08918996158348 0.979396258302909 0.458791694548326 0.528518359476251 0.559613563980131 0.900360951466104 8.12504960162435 19.2352110395029
-9999 -9999 -9999 -9999 31.2094261171904 24.9237181204097 16.7578336270852 14.1577161329388 14.2625400419962 30.5344175923023 19.3656066339911 19.2870101787169 20.4799442077367 22.4949968925764 15.2695318081725 24.4283996421391 27.088879104647 20.8195855783582 22.8069757191559 22.2660265905464 27.9125775256163 24.882390497618 42.04912514243 55.1308756899366 31.4365622632333 20.0500000131515 15.6670831547259 7.95478376935479 2.2392975545204 5.32973139791083 9.21021977085205 31.9619208388471 35.7976564183997 23.6966877067543 16.986239654409 4.24211403670441 3.06042653213808 5.03363659606978 5.15943039670442 2.54888774103969 0.808020210113817 0.701321185294942 0.431457161330955 0.501283965028631 0.856132150577942 1.21689699058138 5.03437026703381 21.2389670890559
-9999 -9999 -9999 -9999 19.2259299727844 31.4586841805915 18.8461221020567 20.8599231970741 14.9516249562006 17.0448438611753 20.3575903544814 22.1183618914559 17.1968161028204 21.0109441056062 24.5611025173038 31.794675375006 24.8158645999454 35.477808815147 28.6569947039841 25.039440189057 19.6270238732249 16.7846003092138 35.4246935014517 66.5269611379264 55.3206415396856 39.3266643328414 41.8057994839011 18.4445677638617 5.71750865352428 7.75713275430422 3.40725608405022 11.1745156119206 31.7077250790494 33.5142230391162 20.2818527938613 6.69309357190925 3.32261254912442 2.7996504801709 3.17188167437231 0.674037220794044 1.29984760572041 0.75719477101999 0.793636517803855 0.49436889275731 2.18258799165353 4.86146224928297 2.88298816140992 10.4861707626773
-9999 -9999 -9999 -9999 20.9821821970111 32.2607839572836 22.1369643611582 17.513903643562 17.8436932417912 15.6729601416502 15.2200423544188 25.2191075779647 22.744329700372 23.7911145579706 24.3594944811996 19.3600919179345 34.5299538861293 36.1586893446805 21.0699688761411 29.193750269202 20.9447221104498 44.4413886946936 48.1859277553541 46.2517663267553 51.7274297209744 42.8855109069304 36.2833199557529 19.0995449863548 11.0274436216385 5.60453855582727 2.72470322271037 5.76088341480817 20.0810517607764 16.9601490327786 13.4931145066313 7.16608480025717 3.66193540540445 3.46554872022116 2.29933001994047 0.881001107205978 1.45336940162796 1.16336171245867 0.81101424544081 0.643971322946266 0.611439476448011 14.2176366835054 9.44390221397591 9.52136967834333
-9999 -9999 -9999 -9999 56.8304447210664 45.207908526938 24.5635105029424 22.4689026466105 23.6842043678218 17.1375636263398 21.3839433262594 26.7686456990472 19.2955554039254 25.2215143853739 23.1392506620283 31.2152669266543 40.2385658270528 26.4950946384828 25.06869953586 41.4474490723994 22.1126799965691 25.3916986496259 43.7803914981168 17.6056466971137 22.2964457541988 21.9288824358273 22.691828689528 8.88874576229597 5.4760444872638 1.70037647468801 0.977290288856776 3.10271892886972 17.2695097047485 9.69486149988981 7.63597355915673 7.26965865102091 4.97607060535342 3.98666152944873 3.18584033893679 1.59099256827779 0.759682114708216 0.464795778584331 0.740016623805897 -9999 -9999 10.5936896768826 14.0866373518074 12.6211004448477
