Model-results/Spatial/Envenomings/No-envenomings.asc
NCOLS 53 
NROWS 93 
XLLCORNER 376490.070567719 
YLLCORNER 384721.488324056 
CELLSIZE 4595 
NODATA_value -9999 
[rows 21 to 41 of 93, columns 0 to 47 of 53]
-9999 -9999 -9999 -9999 -9999 -9999 -9999 2.46183883440525 4.13326200333501 3.87849769848575 0.141014867222936 0.0843256366950831 0.780587367127279 0.790978295454474 0.344814577732739 0.691731715671216 0.780655701823561 1.17971446831804 1.05379340945677 0.622892631957366 1.49652458769291 1.48628114213862 0.591862361360331 0.0804702959142787 0.0927076321740947 1.93433488977656 3.3542933317152 7.31992351390603 9.07141172650621 7.1145998759783 0.911560563966398 6.36388440665411 -9999 -9999 -9999 -9999 -9999 -9999 -9999 -9999 -9999 -9999 -9999 -9999 -9999 -9999 -9999 -9999
-9999 -9999 -9999 -9999 -9999 -9999 -9999 7.27051188932921 4.76593662503119 5.52300243942923 0.763617235830026 0.0846328184055656 0.781479781144025 1.02617961286673 0.718359240291665 0.836407440495261 1.04997947787261 1.65122026103091 2.64118661687873 0.595252740921084 1.97306019492199 1.77545620025199 1.44793683767632 0.0243148030225044 0.152175216476523 1.634899373664 6.54866703506661 17.4431176553968 10.2790736726063 3.05671594614437 3.92112762091562 4.52812617155989 2.85379556534252 -9999 -9999 -9999 -9999 -9999 -9999 -9999 -9999 -9999 -9999 -9999 -9999 -9999 -9999 -9999
-9999 -9999 -9999 -9999 -9999 -9999 -9999 5.74753813608715 4.533261295158 4.42368612955188 1.79211964699731 0.141310967814525 0.300798965389593 0.651124440199021 2.15780439503337 1.206579577214 1.10467356711776 3.40721678695169 9.0911608733631 3.7341446292187 6.92392821995296 2.09937395944885 0.781231417142295 0.545035585710919 0.723601186657153 1.30067378404812 4.69093473679582 9.79384713881454 7.39693275309424 1.87000033457187 1.65330882829247 1.08968385186767 0.802999455957727 4.68693676095254 -9999 -9999 -9999 -9999 -9999 -9999 -9999 -9999 -9999 -9999 -9999 -9999 -9999 -9999
-9999 -9999 -9999 -9999 -9999 -9999 5.58493321519854 6.44947621130625 10.9004097525299 5.74284693837784 3.00993115676699 0.667402196495566 0.269475340484575 0.551880120930064 1.9474905174742 1.13011386069847 1.58688585356501 4.29601382306241 12.0190853200164 15.2141826825319 19.9500093945374 5.08597119985586 1.09823381225133 0.700318890493287 0.68244947853486 1.29509405337983 -9999 8.50503827685851 6.41402940050939 1.39562621792748 0.402267442068996 0.361939895222018 0.735489412263888 1.82114143937109 1.94861140671687 -9999 -9999 -9999 -9999 -9999 -9999 -9999 -9999 -9999 -9999 -9999 -9999 -9999
-9999 -9999 -9999 -9999 -9999 -9999 -9999 6.95233491546184 1.63982351730605 1.36649669787801 0.783798805156048 1.24733810335775 5.67413703820628 0.974948962582825 1.10058642250987 1.13069385631975 2.47814844967487 4.28724975840071 9.58492066247669 50.0513783656409 56.7439801134117 14.3164581874789 3.31298472107265 0.998999652106506 1.0753485318842 0.955973887445867 2.73448401185122 4.80326022440992 4.21065557389377 3.40589688440701 0.635689366608076 0.832562653779807 1.86704140017422 0.901318160121591 2.93033293755252 -9999 -9999 -9999 -9999 -9999 -9999 -9999 -9999 -9999 -9999 -9999 -9999 -9999
-9999 -9999 -9999 -9999 -9999 -9999 -9999 2.94141633635394 1.28813470337101 0.571186651884246 0.348568862951263 0.388666550484746 0.948801919693564 3.90608153334043 11.316586795627 7.64531129492169 1.59325428077747 7.85287908647207 12.9615537435501 23.3106218616496 45.460765830002 9.55276687577212 2.57367863226167 0.853288274275496 0.849707083760949 0.979996893196952 1.71629037726987 1.93678882030915 6.95658560738827 3.56050490676291 0.71680666424907 1.70261125316757 1.62464470788599 1.19572067651049 0.834565952759238 2.04112505764935 -9999 -9999 -9999 -9999 -9999 -9999 -9999 -9999 -9999 -9999 -9999 -9999
-9999 -9999 -9999 -9999 -9999 -9999 -9999 0.583250874999774 0.719771583913593 0.669055778260038 0.339426140988126 0.405451398087837 0.898522410506605 2.68360269531061 8.69882618758368 6.75619771111358 5.20171295882075 5.9305567319654 -9999 8.07214705418563 15.2159646572193 12.554849446657 2.47579376450587 0.803302462113472 1.11972525632507 4.90627417636202 4.94227033464108 6.45656047632224 4.76452037604688 2.93456958401469 4.40755335140482 4.83684843027294 1.77043421718376 1.69707305108561 1.07407293770054 1.77696148722798 -9999 -9999 -9999 -9999 -9999 -9999 -9999 -9999 -9999 -9999 -9999 -9999
-9999 -9999 -9999 -9999 -9999 -9999 -9999 0.772545678302416 0.32715588261773 0.274367562490654 0.656486119638829 0.634147022446228 0.988929362010957 2.24353868380624 1.10468674727759 5.65064750224718 5.57322711683426 5.17614313829486 5.42524303682338 7.71225050584922 9.38273564139391 8.49052520220475 5.51931300662645 4.01446736328727 10.9795957163985 9.83101012323229 3.14458751750766 6.7049894960001 4.53560723527613 2.86760149313838 3.61378247968773 5.41094812853385 2.80336274097166 2.06346990006103 0.552084164614075 1.6343613210966 7.91715371946182 18.2655920743293 -9999 -9999 -9999 -9999 -9999 -9999 -9999 -9999 -9999 -9999
-9999 -9999 -9999 -9999 -9999 -9999 -9999 0.519962048954833 0.131412710423529 0.235892258318571 0.728067482909915 0.998639307902525 1.30313881201488 2.5183274454871 2.2985922930616 5.21043206255797 5.92774886843506 7.33006244216105 5.20557944597719 7.0755918827729 8.74990317482326 7.27635005036149 7.93776924702592 5.57285015341861 5.45780499204346 6.45175936280138 6.32231843043187 4.5261497877047 3.40151733889217 3.05839444136528 2.95323107430516 3.79285819368933 2.3630183749767 0.867632701633385 0.188759770398781 0.351132434161332 7.87587355600079 61.694986351165 -9999 -9999 -9999 -9999 -9999 -9999 -9999 -9999 -9999 -9999
-9999 -9999 -9999 -9999 -9999 -9999 0.187739061679396 0.28646623863116 0.128826498305051 0.27113208518522 0.767741766815208 1.27113025565806 1.52741464522672 1.72089376686595 4.24971736995645 4.45671030158264 4.63431521732561 6.62030384496093 7.0448773095966 10.1443708108206 15.2504871448979 8.91998188863113 5.67174801067613 4.94066062683102 6.96978460449107 6.67613185916589 8.85710654191629 10.5285070587901 11.0126094752302 4.17985033102512 2.48917534865061 2.13223335371499 1.03588893675272 1.07338324215891 0.687646833852191 1.68321678856085 18.1066583547951 41.7613049896411 -9999 -9999 -9999 -9999 -9999 -9999 -9999 -9999 -9999 -9999
-9999 -9999 -9999 -9999 -9999 0.0527737188715306 0.0807697812282133 0.167965944132633 0.19083842836506 0.427327506236584 0.802792648191787 0.84710287319233 1.49094811207957 3.45927793547362 2.14979907292021 2.17645375308736 2.43487470871264 4.05398264387585 4.80036425925637 9.6078497236071 22.2865328737724 8.82459241560163 6.56656085316186 9.05607354282216 9.13898576519209 8.98928110999922 7.76230329733607 11.5735311230567 8.77476291762487 1.56914751102141 0.870362684956307 0.934103712160465 0.920874044358977 0.892970782467948 2.12429683716901 3.5875332658334 -9999 10.0771068814165 -9999 -9999 -9999 -9999 -9999 -9999 -9999 -9999 -9999 -9999
-9999 -9999 -9999 -9999 -9999 0.064275796395316 0.125243663809936 0.191791491428291 0.19036687536478 0.379827764110659 0.690933628146621 2.01115130533544 10.3334005282945 11.7705717047267 6.4718621551237 5.23808310068218 3.79013002544411 6.09147449278723 6.05139582780636 6.79408387224104 22.2972210802475 14.2918545791903 8.59117728862509 6.88637988437398 9.42116100520076 9.04148704802858 7.11072288014197 6.97985780388334 3.51526172966186 1.40992815403736 0.796679850637025 0.88420434662086 2.67806023889786 2.45689984676918 11.7587440348363 -9999 41.9013577470764 -9999 -9999 10.526705336628 -9999 -9999 -9999 -9999 -9999 -9999 -9999 -9999
-9999 -9999 -9999 -9999 -9999 0.0859995058585019 0.150971188736303 0.186585096115831 0.236365762565197 0.359085507512259 0.568197546874928 1.37047252327165 3.92723582708069 4.11630424553248 4.51068071478984 5.65000583629083 4.44339448793815 7.96148164328893 12.0922518573947 13.7954953993971 16.9954063998892 10.1744628956751 6.48799785673356 8.06073357297497 19.4847652898427 23.7961628113579 15.1326198341529 4.31763732897247 3.53175312651925 1.32740213179775 1.22622986156615 4.78959892713376 6.00162571979189 18.1934900899855 18.5197251088202 7.17721892257926 7.51252089202944 -9999 24.9749627120348 16.0511463819306 9.22325321654862 -9999 -9999 -9999 -9999 -9999 -9999 -9999
-9999 -9999 -9999 -9999 -9999 0.143703924954996 0.178860326646128 0.287230530306321 0.4591589395125 0.3610952573194 0.36256251919042 0.446554516958698 1.63966424436993 2.65285265780191 2.71717673849921 5.35735169762426 6.32970244769897 12.5871514183967 21.5311906988565 19.9141054327587 15.9896721263692 -9999 10.5482468824554 13.514254588328 12.6576575856188 12.1883282306469 9.65959018238107 5.34754460857466 0.722447303527437 0.372909052203146 2.54892694794872 15.658771406903 -9999 12.9726890120599 12.3680604580616 6.84760883175388 1.19958994650895 2.16471428785967 5.18686293338629 21.2240273753944 -9999 -9999 -9999 -9999 -9999 -9999 -9999 -9999
-9999 -9999 -9999 -9999 -9999 0.247686175117349 0.180145533643908 0.324979969468234 0.527962693519179 0.578848260113837 0.452514749085567 0.36799373575718 1.2326485654535 1.99216479556844 2.89101443947075 7.94750337821587 13.1771722254115 43.5874088474151 48.1595800549096 36.8049890991583 25.9700497673795 9.76304367378779 6.36641994818126 7.29594636477179 9.61965622301479 11.5352290994503 13.9890141606049 5.48523680138295 0.62463036784318 0.329868193785819 2.1083180805304 -9999 20.839888297914 18.7240732765745 5.26535443191906 1.10033587828175 0.741220239940569 2.62984918401795 7.63101113383734 12.216464347966 3.75440304741439 4.7025239142708 -9999 -9999 -9999 -9999 -9999 -9999
-9999 -9999 -9999 -9999 -9999 0.23103196592495 0.190859680116241 0.223128096521495 0.534839886813334 1.17231614155841 0.835653676902584 0.582250477837599 2.9476270195548 8.27433428059518 11.2998819235402 11.8826491578773 17.4258746190231 46.3538855261161 104.66181928254 27.9345624151411 13.0381617655521 5.80421953001801 5.33332388991728 9.89374628826122 11.24889082578 15.6686660800379 21.1630056657046 12.1211784614961 0.388866588399472 0.327350897724041 0.597924096558426 6.49162566838803 13.1080439596004 0.900349318908763 0.498351019717857 0.612320200384238 0.583244219116029 1.04497887162844 2.76934938716676 12.4102608942146 3.71066477622241 8.75789910345086 -9999 -9999 -9999 -9999 -9999 -9999
-9999 -9999 7.72203796896383 -9999 -9999 1.19512964406536 0.345903963855623 0.403960979469526 0.818613339371151 1.22081275999793 1.2234752880425 1.20501126690285 5.91812369324423 37.6325130433365 19.459886283791 11.9013745942974 11.8385358048955 25.3968428667406 35.4775158064529 21.7085307277159 15.615634804771 5.14575130684433 6.48048056456894 14.5654144621972 15.1505785522395 21.5359713395733 24.2501080761344 10.3378589492244 0.737001243529796 0.721543475890582 0.729027861060991 1.74608307713855 5.10010288924205 2.82571090804403 1.00568300904528 0.885705696085802 0.547146024028081 0.356793831135924 0.548875905327005 2.53821335630641 4.21886139890772 10.0372941768169 -9999 -9999 -9999 -9999 -9999 -9999
-9999 -9999 30.9693374476503 -9999 6.97257385650997 2.8749031323136 2.28702822368255 0.860292089616853 0.942184580775116 3.28330735284206 8.84743079779472 17.4689651245539 22.3120754462748 25.7985955674881 21.6764773303341 24.8109405650489 24.6808055969789 20.9196225793965 13.8696038368371 14.6851156840247 21.8292841187091 14.2757419184697 6.85174497837425 12.7776816551996 14.901357049458 17.6142820913765 20.3184413772033 7.5682129234238 0.829688485093344 0.723550958811314 1.55094818976213 4.09590178073915 2.8705310839886 3.29792838962031 1.88082465062192 1.47991342963677 0.571776114988121 0.37901424455239 0.535674260631861 1.12335054393681 3.55205274643343 3.97077314457319 -9999 -9999 -9999 -9999 -9999 -9999
-9999 37.1508015444767 -9999 -9999 4.25559320105116 5.94752695869973 2.22742965473869 1.17690081721263 1.1511632594375 2.20224213451769 15.6524241374014 23.3790407796896 30.0829055483822 24.9746088784433 19.2007295744161 24.3524507834676 21.64729853368 20.8464238259591 9.06128480562933 7.12798174246235 6.81495520506382 8.59212599540171 7.65413501999595 8.80005014419228 9.17522977443921 6.75151270854977 4.32978654768706 1.53909250200519 0.969857886049792 0.955666129635492 5.47678827477306 13.3637557952853 8.75283764744843 12.7504960525227 5.19326745610785 0.531622105773342 0.329281145023155 0.369781607387911 0.754200816853385 1.03480427093913 1.77156337504408 3.57669258999519 6.28104316891795 -9999 -9999 -9999 -9999 -9999
-9999 25.4275342001375 -9999 -9999 3.62644091399033 2.91619828686432 1.90677713996909 1.33371227438355 2.21447264728464 3.7905299777871 13.2915502931934 21.4651420968763 27.7055970731621 35.6357423498532 25.3431808477342 41.8014686430925 23.9466649821426 24.9357852491486 29.856323844773 17.9355272228654 8.8806139698593 9.8989535933903 10.8174872164708 14.3581554628103 6.65139312808704 2.70782020883704 5.66260790374886 1.1188705763902 1.12456325069098 2.335687465822 -9999 27.660316503895 23.7699666324535 16.9932486175539 7.2783910137274 0.442395522342573 0.643251151445408 0.469510991793686 0.820170106948485 0.942324259634391 0.988508977261012 3.91868849519595 3.87050174698433 -9999 -9999 -9999 -9999 -9999
-9999 28.7921653114747 -9999 -9999 -9999 5.20371343332979 3.75181375371198 1.56552202509938 0.968491817643189 2.83021438169154 4.12636007675131 6.56432168711944 8.79299371837416 9.51464220822832 9.80866859818368 21.9764246686739 24.6331604197521 32.0607039997626 27.561641447665 22.5624149974195 25.5518326343691 23.2910404508832 20.0834480520543 16.5865277402965 6.10241301104925 6.31057219871245 6.86043425624956 2.35662851395678 1.4380314003887 5.48683806795237 11.3039889581588 21.3272027635829 20.8193153415651 10.0232641953964 4.73996063818507 1.53448098607014 1.03713702151271 0.487337647169375 0.84794680369074 0.884170121953005 1.19019968110857 1.42083141666349 0.836073096617014 0.167880476477049 -9999 -9999 -9999 -9999
