Model-results/Spatial/Envenomings/No-envenomings.asc
NCOLS 53 
NROWS 93 
XLLCORNER 376490.070567719 
YLLCORNER 384721.488324056 
CELLSIZE 4595 
NODATA_value -9999 
[rows 63 to 83 of 93, columns 0 to 47 of 53]
-9999 -9999 -9999 -9999 -9999 55.1111255534764 35.6516421058716 32.3330579636445 20.0932915838319 22.5189219643014 27.3113958060763 30.7868675427874 24.0817412871305 24.9152029344563 16.9363656917306 19.421247024791 21.9905227543116 21.6501870699552 15.8179172400208 33.6737653476304 28.0970843353042 19.1694009002548 45.6302071664639 25.1659909603034 11.9840381235275 16.5298010035752 21.5220620750865 18.494974891773 8.09793580524541 -9999 0.854865538773946 3.42699829285862 12.0302035920926 11.0423038252871 6.81642512946123 6.17256370608332 8.93007847105852 11.4920091129312 9.91646983199876 3.90700894301058 1.88647293731071 0.52067399875634 0.546888918546102 -9999 -9999 8.65595735087627 7.07434941854754 8.71516925191112
-9999 -9999 -9999 -9999 6.68807684504252 50.4760392081009 33.777790540778 26.6948678985622 22.2908237288713 31.0676336733418 34.5612575099199 29.3120994959085 18.4312655460873 13.6690982461429 14.6301463391264 21.9984032065868 16.311976950812 19.8063582009616 10.5156811160403 21.3224231896409 20.6540711478564 21.5598637974893 39.7503073680258 21.1841660080872 8.10011022123591 12.0218302499279 19.9199844638836 22.4826772853105 11.4391312264452 2.78223277775133 1.40355001245676 3.29910842930583 11.5915716974125 12.2266537032459 9.63733381418433 5.36376561929254 9.02555397110856 19.8723363663273 14.0869855033832 7.03575542213569 3.63681617036503 0.472390541489521 0.624391715991511 1.36737443101874 -9999 6.15137053019735 9.04573567906422 3.19794475046296
-9999 -9999 -9999 -9999 -9999 27.555681731083 36.6104130431731 23.5841316713535 34.4282974295959 27.3942051502586 31.3997919064494 29.4915669743703 17.362911948226 11.2317205610529 16.7354666859744 27.0706712080254 18.8681850231521 11.6895292070118 4.50864415946431 5.91367872112662 11.5700686606158 17.4993862528921 16.0414805213768 15.3551015259527 10.8212405464213 2.8454832747957 8.53417592509175 21.5993658386467 12.0657272357547 17.1437560744657 12.0224110776092 4.1459101451084 8.21038073056688 9.98737616344602 8.25696136543407 4.19054226315248 5.26161029105496 12.3661074638438 17.7848963500454 10.448509849333 3.83440546645211 1.09239448890766 1.48774859665107 1.34330478549432 1.62310625671834 2.82279641770651 2.80515847161301 2.12696562873451
-9999 -9999 -9999 -9999 -9999 26.6020163389149 34.5141350363254 34.9849076061501 32.7578831224638 27.358269707756 22.516722865419 24.8420238978274 16.9481064726299 10.7244932689748 24.5555032368495 28.1083799298885 11.3770555950217 8.24626073132448 4.3118102287861 4.47973610058862 11.2593305997597 40.4925204513758 17.9021992081557 -9999 21.8811314689885 5.25203686979503 3.97569911955995 14.2655462692456 5.71741366646532 15.140164483952 15.7271962995447 8.01697679036919 7.96532292699007 10.9766887019556 6.62311610988439 8.19453483119698 7.05777302965223 10.5143513494365 12.8412534206199 10.2801800624644 3.05872007661679 3.94953659737956 2.41908537043111 2.00884707567645 3.87425555814683 2.61920383496403 2.68019120012985 1.99136294454693
-9999 -9999 -9999 -9999 -9999 30.8575701785817 38.0355578176179 37.6029297619984 29.1064886490363 26.6696412303689 23.140953432199 24.2290151664464 16.5983303579736 14.3146663021277 19.8959872171069 28.7253997902794 16.5929763654204 9.05409240032742 7.23826587879084 5.82414986541999 16.0438361006577 16.8601517738003 8.55103400358945 14.2637027639725 14.7754593301787 4.00958661484896 1.35245789541816 2.07299905203484 7.12730036273186 18.6685868835791 19.3656220051233 13.7564326963118 15.9352424598923 33.4954676034326 16.7443302585271 8.22327534458468 8.64776898464023 12.410599728094 8.91265771238427 11.7365029336451 2.87490861804817 5.65082583606058 4.1740760988739 3.59316041898681 5.18345149225659 4.84908979952051 2.15074580823015 1.48667768399867
-9999 -9999 -9999 -9999 -9999 38.9406912919578 34.9462014050074 33.4486696392337 34.27248886102 26.4924729162518 18.5051622092463 21.2968517944816 11.0224667236122 24.2274148250012 20.2492051234618 21.1407865021138 10.606960927446 8.17938431760115 7.05136023245723 12.0063474852276 11.8061537393304 6.81609896677495 7.25800321440931 16.6920739750334 6.47002968631994 1.6598390543359 3.08461924150953 3.73720010541472 3.20985600134878 11.7912089858911 15.3718234947561 17.7676964627003 14.2811806418483 49.6648473089397 39.7457658585053 16.554760023049 8.76624595914517 11.102664451131 5.74026261391464 9.25828469254794 5.44020969567206 12.5093025309734 7.97203159521436 7.08765014508383 -9999 10.3060272032468 3.38200994407063 1.37026550175921
-9999 -9999 -9999 -9999 -9999 60.4589428712498 42.3433269679857 30.171789483645 39.6017167496405 21.5228684103046 17.244631230224 23.07115180107 20.2232397454583 30.342064728523 19.5976286927358 16.5891547026179 23.125607419714 14.6737872745483 7.8556468127314 5.23921604939694 10.4388534654117 13.8012917123553 13.4330026326685 20.1410391014893 19.6587803793024 10.1101305956249 6.53160769541547 5.29670081882137 9.33252183424094 30.7920311293326 26.0526093745114 13.8316333372877 15.6451364272861 25.9799456263601 17.1095578067136 14.1915529991188 22.2491566129808 10.3034713831814 10.4877675791997 10.7898024945147 9.12353176514802 8.84583977730063 7.35385460518876 9.90210769865896 4.63349575930774 12.1296563532325 4.63582258359804 2.29239960627047
-9999 -9999 -9999 -9999 -9999 33.4346069977909 40.7824569758462 35.7544971389833 30.1979435096398 27.5735923688384 27.3917876473485 18.8722202715288 11.1376772403524 16.0720745594377 22.865303301793 16.6903723961495 15.285156445138 13.9184657405858 5.29358954906371 2.44551825010308 8.08137637225469 10.6743611636192 24.6088954858595 11.2347675576857 13.0287339370838 15.6481772806293 4.54938290192212 1.15738750132816 10.087434994417 30.7342075500066 33.3842587941593 20.3887391804893 14.8861669850409 19.8395331950712 14.9259361202982 16.339462357115 10.5556934612265 16.5954157377496 21.2939899396979 15.4244977492759 21.2766826679823 9.88874420188925 10.5783620751221 11.1731446535905 7.47664910441311 9.98440055755001 7.12313579290016 2.80974056084867
-9999 -9999 -9999 -9999 -9999 44.4073210869529 41.8535468696869 34.0798428262862 37.9928669760437 35.8589857235933 29.5090877867399 18.832724377283 7.24552222740948 8.13413545517821 25.4863575840385 21.0280360415468 10.5617937136259 9.47215558042886 3.48144187054696 0.926606632700805 2.29085268450823 10.3722969545031 20.9322527657136 15.5746252788968 7.40547512927576 6.34181461447585 6.16683966957821 1.15615266492014 2.48112655800218 12.3155800504792 18.1092827133358 15.5589222730576 24.2724429027755 18.3138165084799 12.1048656609598 8.37324262553316 6.08283840459758 5.74530383814814 9.79370503789325 13.4841602961195 32.1436405636892 11.8956919104292 5.46523990412527 4.6005979117429 9.65893874918409 7.3511328437155 2.92768684464181 1.20587188044148
-9999 -9999 -9999 -9999 -9999 53.74195819155 39.9211876672515 39.9803436501831 30.9689168996797 21.7347349439977 15.4931971790394 17.2295137066178 9.70646978200002 9.44397106767725 18.491819923088 25.8902771432149 22.0394243610014 10.3225079745022 6.07835720287007 2.20911536417323 2.3401556284861 12.4951811538049 15.8854126179748 15.9004635287288 11.1946208576859 3.0121564022001 1.11219561173714 0.419284860048224 0.290034563216504 6.96302549828715 14.2189058333815 20.8862036332199 26.3017210457789 16.034889500446 10.7198482272252 9.08307274017399 7.52620493656855 7.94828913254015 12.8554602057541 9.34935000181124 5.62320669477934 11.344431797812 6.62588449818049 3.39430843506349 6.77432309689614 12.818668542275 3.75022014060949 1.00281188972199
-9999 -9999 -9999 -9999 -9999 29.6210440555027 40.4689057026459 29.4450431641077 22.6653915608993 22.004897301687 19.816755668392 19.9221296352477 23.045763813562 10.2407285752864 11.2211000571729 14.4972468089589 25.5497550117248 29.3559326889886 9.47760051687346 3.45952097461369 2.39166381475997 2.35563268503755 5.14488694929129 5.98986139264672 4.99270288851755 4.58888289181382 1.55742789261921 0.891472139872165 3.15488027023918 9.85468555691184 17.705423365679 16.7409630242048 13.4791569580271 13.8282447537623 15.6761034714957 10.5182203874033 11.9838847944573 18.5171716244642 26.6703606280738 13.3099336975992 10.7822144913745 6.40786490738155 5.05833521026693 1.05449312326734 0.958511590621873 0.728342555873003 1.00131415798099 0.494271638645105
-9999 -9999 -9999 -9999 -9999 -9999 45.2293454377168 26.8875646905752 26.3254004816929 24.983159994821 20.5096932688194 17.2268141164526 21.4329803982552 14.0389128966731 13.4318960605623 17.1370136299038 18.468300451072 26.392100861722 18.6237351124576 12.7135375568428 16.2472304169121 11.7922171804129 5.65814639550199 7.38264427419072 11.2117678393145 9.36881143511772 4.12935061154535 7.99018414759655 4.1424742051242 9.36621119564339 7.43468260239926 7.23886979058276 9.53731778057631 9.91202245122535 26.2310685805517 23.5903961396848 16.1534277915603 14.6894532251219 18.280434880701 12.2893625062304 14.2576423062104 5.3461590532356 2.04503584923402 0.616373493534114 0.360662079920265 0.33470178438536 0.303570803799733 0.319330025026567
-9999 -9999 -9999 -9999 -9999 -9999 25.7710263023008 21.655462628976 23.0889850723581 19.0447562829459 19.777888642748 10.9197752088037 14.1803711821471 10.8484322547703 6.86843849114297 12.8633520280405 14.3880003412985 35.0918227970186 38.4235747430662 18.2356234081665 15.1656382435468 8.59152052865419 6.18533497156351 14.5392348376601 23.8780350190824 27.7324821599579 17.8143075425212 8.22584600390407 1.72609005881744 1.90381422306691 5.56170705586987 1.32219867161595 2.08448381775525 3.01103473160061 16.2298815167503 16.9628242073843 7.36436132736053 9.933217409272 3.30832279634224 2.34144459385776 3.54619408039701 2.56408909065892 1.84330346753192 0.533142921761475 0.33513928459301 0.365046896117356 0.318469663303903 0.331359935735117
-9999 -9999 -9999 -9999 -9999 -9999 -9999 24.847173122954 14.3823872059635 15.7982118957584 15.8626765452723 10.1816360021839 17.3611106551727 12.083781126953 5.44043194949499 10.1614855187554 11.6411589816413 23.8275972160071 26.9870096843757 24.8927009613116 30.5968917851372 21.7575485589633 11.0179449193303 10.3305518124277 16.6246625099172 57.7293119636432 23.1292386745476 -9999 3.96183140349668 13.50538326821 9.37175229678172 4.00578072336563 0.786036802136311 0.989767147571429 5.98365821228899 28.1305646619326 5.51246480189577 4.09264424156011 3.62485881156318 1.29962079078376 0.671285272357626 0.425860912180766 0.462809884020546 0.459091191073828 0.316483669899915 0.32769429124947 0.349966592104434 0.30419289785067
-9999 -9999 -9999 -9999 -9999 -9999 -9999 26.6154799379311 14.9615588648587 9.44997473170101 13.3053566772918 12.4616100194795 13.20313858207 8.39341813130699 7.90385393217916 7.47158743016392 6.74680262081293 10.5885032404317 26.8002743218542 25.2060911759317 19.6846850661484 45.3015664509579 42.5342391805298 33.9861623274649 17.6657494222854 18.9973605745452 20.9666194110281 8.78777412899778 8.60094158654145 19.6683924068173 7.65550907735458 3.68162204959579 1.53040775904199 1.14757968291439 6.73399316755036 16.9518597049605 3.43871196795601 2.10760253379463 1.7903005566233 0.45511237131213 0.463722936089667 0.426389176596322 0.417697657554686 0.415796720425802 0.552012088128959 0.462541601105039 0.485895352570446 -9999
-9999 -9999 -9999 -9999 -9999 -9999 -9999 19.717588920122 29.9260155933947 16.9810124355282 8.5751273615527 17.4627609338066 18.529292029672 10.6352965201592 11.6669260984858 5.18934314272848 7.23490888948971 10.843218253874 16.0824279025161 25.9842199286973 24.6663905945494 30.3920482851577 52.9328310922998 23.8996515990935 19.5001716854601 24.5158767031164 8.00431770990599 4.24761461671184 4.55588593820914 4.76494419695436 2.61879946781939 3.12846268065242 3.02748775109594 3.98894769265516 6.21652762217068 10.2704522989572 3.05350216106219 1.75135925625978 1.4140523516404 0.443669135325984 0.474209951728291 0.514028352847321 0.517053894489198 0.534299775397454 0.495570991772805 0.520377862539908 0.376440761348508 0.0839642912278198
-9999 -9999 -9999 -9999 -9999 -9999 -9999 -9999 27.8302107114645 15.8435026557996 17.1550069835533 30.6239508559968 20.5223466305186 14.4776325284362 14.3766154254466 5.38667205083635 4.97759660300481 19.0530098614203 22.0445722181477 11.5046575273962 9.90477836512709 24.3335215958597 37.8939471070368 40.1896591697552 31.4818756333143 22.5484940532768 12.2647363845943 4.62628932110481 -9999 1.56478077850403 2.00391150136973 1.78033990635482 4.7206673392 3.53861597745139 3.9298029476549 4.54296589958792 2.07579093044831 2.23515130531551 1.56085134214961 2.06589055378636 0.790392648666261 0.605075824109912 0.638343476977425 0.525284626175059 0.449053997186248 0.271272612244945 0.198650042701781 0.184103156579053
-9999 -9999 -9999 -9999 -9999 -9999 -9999 -9999 42.5168221388299 12.050670562186 15.8401384080172 20.0708914479427 11.3190959751263 9.62255756048033 7.44530759614172 7.42353239246872 1.84083502554159 4.11906524516146 11.0399169567577 5.44420491167847 8.69282441318022 5.19084136270123 22.8446281413749 36.1731645143917 37.9160489581874 28.1083694912929 15.9807478291121 8.17408987197003 -9999 1.25328058938419 1.78056797446703 1.78596149169177 3.54753034566228 3.34506257802361 2.99493316915529 2.92177759286054 2.40040691177481 2.41677838517994 2.76069689437373 2.8622677255586 0.992328712411803 0.584407109019205 0.629042395801411 0.558464174193721 0.228653593199152 0.229897221568452 0.223138920888299 0.18184458811838
-9999 -9999 -9999 -9999 -9999 -9999 -9999 -9999 39.7377772483585 17.8852922372389 13.5954454250785 8.0708336149163 9.20574833161646 12.7821081851463 4.96048953588487 5.9637565921463 1.90534084139762 1.19114935460696 2.86768472837948 5.09864302681843 8.29364368196376 5.24739774447623 2.68471156095572 14.0040160295772 20.9582416850682 12.6673427733712 18.2958662008131 25.8672192634336 -9999 5.37145687283048 2.22727185769558 3.60356215036971 5.03269348635396 5.50558055916334 4.7694215457433 7.88209288210295 3.18109343947608 2.99404347134002 3.91561736938277 6.22667379818031 2.50256206633264 1.6864074546661 0.641617160737846 0.497710915030117 0.237758872307587 0.179994621039339 0.208827561473779 0.052271575465668
-9999 -9999 -9999 -9999 -9999 -9999 -9999 -9999 10.3812650249923 19.8274566887595 11.2230798113911 9.13132889917416 5.81839112968365 14.8229449988278 11.3485953543388 8.66899930048362 10.2698868153579 8.1876511297761 1.95401721435136 1.9685610414036 1.39664477955572 2.97260013179851 4.33045669009114 6.52482271829313 14.4536653062856 20.767486284214 13.6913280265821 32.8332267517099 32.7116612916889 9.73469779336397 13.750088011663 14.9320398702781 6.61832129994894 7.51761423946488 2.16562745906459 7.96809744230963 3.51369888801744 -9999 4.67882332609752 10.0792270408722 12.4977712774706 6.38627985033797 0.381448882307199 0.306406353318917 0.287563020317763 0.24893294670939 0.072322618984419 -9999
-9999 -9999 -9999 -9999 -9999 -9999 -9999 -9999 -9999 16.8961156538976 17.6040716578526 11.0188516299495 9.20823932914159 13.2431971475056 10.3397019886964 5.28413123140212 13.8032603193648 18.4452949273375 7.22965828282965 3.56139260277405 10.2553588653241 25.3457922255024 21.6600373151922 12.355031124201 14.6284028172043 17.1796350286669 22.7047532916991 23.4240314663705 31.8227297148534 38.7570208764647 26.336005468108 17.2125694030526 15.7200483537991 9.57136006889448 4.975447513897 1.82897821432298 6.87784637622148 13.5867723660313 7.0376913426073 7.36993162363076 5.79680803309269 1.3934420408937 0.267325563624025 0.186861101365546 0.123667587381885 -9999 -9999 -9999
