Model-results/Spatial/Envenomings/Rho-Geweke.asc
NCOLS 53 
NROWS 93 
XLLCORNER 376490.070567719 
YLLCORNER 384721.488324056 
CELLSIZE 4595 
NODATA_value -9999 
[rows 20 to 39 of 93, columns 0 to 45 of 53]
-9999 -9999 -9999 -9999 -9999 -0.0524952127619608 -0.626419737133523 -9999 -0.487721970990056 -1.08341468607399 -0.513415769254401 0.281667030858845 -1.20757402026412 -1.17065443776975 -1.14491144714079 -0.885584054080055 -0.914247245317777 -1.89162991494141 -0.831675127508532 -2.34901707597511 -1.75107277716995 -1.09889997881767 -1.93606212444377 -1.17294424535692 -0.770463866547183 -0.748249318846743 -0.727506344874927 -0.921160881921251 -1.28665486773117 -1.72764521417154 -9999 -1.05674678675845 -9999 -9999 -9999 -9999 -9999 -9999 -9999 -9999 -9999 -9999 -9999 -9999 -9999 -9999
-9999 -9999 -9999 -9999 -9999 -9999 -9999 -0.74389018860165 -0.914207375529728 -0.677143513828445 -1.04136583686817 -1.0694637697473 -1.33379442982262 -0.305469806447149 -1.10827617826999 -0.661293341442559 -0.523381888527562 -0.768816038326917 -1.20237572031073 -1.20982390551589 -1.59201387736775 -0.993672435257569 -0.995389025109174 -1.34085869552251 -0.488846180264361 -0.647052441328083 -0.362272360310959 -1.45374695209864 -1.08302846089575 -0.865411906860557 -1.25015781955539 -1.2526536873135 -9999 -9999 -9999 -9999 -9999 -9999 -9999 -9999 -9999 -9999 -9999 -9999 -9999 -9999
-9999 -9999 -9999 -9999 -9999 -9999 -9999 0.238867027568402 -0.0044178195789938 -1.27860229310596 -0.681135078808371 -1.10933029879932 -1.87517242046521 -0.65547105615089 -0.749329484097828 -0.63533748737362 -1.55348733055487 -0.818940480677488 -1.46328273761323 -1.0750555470997 -1.36247597897508 -0.333783101208593 -0.277278429209365 -0.527096347250994 -0.92492428545807 -0.98805721537229 -1.937325075245 -1.0660733721033 -0.747092950871412 -1.19895477152013 -1.47429907157922 -0.720399640438785 -1.43936906334255 -9999 -9999 -9999 -9999 -9999 -9999 -9999 -9999 -9999 -9999 -9999 -9999 -9999
-9999 -9999 -9999 -9999 -9999 -9999 -9999 -0.879565939338068 -1.71918421191342 -0.599062354392342 -0.84613266441225 -0.120328885907124 -0.107874784362789 -0.982046723760431 -0.0448773837421786 -1.75217565979714 0.170234192312117 -1.95336862334747 -0.664879685580951 -1.1102857752256 -1.41777802441402 -0.803458562301686 -1.88833702769889 -1.18093481970596 -1.35086726474425 -1.6749358510223 -1.38509713240498 -0.822094329197728 -1.72395633519083 -2.07026746569222 -1.18865244324824 -0.673530806978922 -1.10511579155895 -0.316667321526084 -9999 -9999 -9999 -9999 -9999 -9999 -9999 -9999 -9999 -9999 -9999 -9999
-9999 -9999 -9999 -9999 -9999 -9999 0.00271507696672394 -1.12395720954739 -0.757684223375084 -0.451550460376946 -0.392194317210739 -0.528592095042187 -1.35213707512431 0.108532098369362 -0.616140548852225 -0.306804664393304 -0.718766965751292 -0.357921850144924 -1.55008566561448 -1.36606129852804 -0.929841612337714 -2.05353413918035 -1.42836387325052 -0.966941180536452 -0.604181055865692 -1.03146878694532 -9999 -1.33522662588394 -1.71986279096686 -0.638723970371921 -1.11984091924675 -0.517309107188699 -1.27684402296765 -0.319048618798871 -0.968377525730112 -9999 -9999 -9999 -9999 -9999 -9999 -9999 -9999 -9999 -9999 -9999
-9999 -9999 -9999 -9999 -9999 -9999 -9999 -1.47047044626961 -0.247889089708007 -1.39892124521746 -0.374581226550866 -1.74209820030941 -0.953900749653045 -1.05960530852438 -0.731715703419245 -1.03375772101965 0.116334407283282 -1.34190999528588 -0.373874306678379 -1.58458583328963 -0.260692039169585 -1.27382480646642 -1.94442880993163 -0.904378499706085 -1.19118066517142 -0.968350638522826 -1.00727569296641 -0.743797496498413 -1.36948558812323 -1.33682872773294 -0.106728945546495 -1.41737745121833 -0.661458183112993 -1.63417419594738 -0.775378913862343 -9999 -9999 -9999 -9999 -9999 -9999 -9999 -9999 -9999 -9999 -9999
-9999 -9999 -9999 -9999 -9999 -9999 -9999 0.523114229985702 -1.08070718929233 1.09461988537986 -1.22637178403452 -0.408344027835828 -0.832999239122004 0.102913163213186 -0.822662889473003 -0.378913397284508 -1.10365906161036 -1.24420220205929 -1.18825685333201 -1.18494182480891 -1.40125192588348 -1.00642193090725 -1.34771848573295 -0.590091218688593 -1.01739978426686 -0.815920850863936 -0.859705095260601 -0.822327548739516 -1.32481112356521 -0.716037440500592 -0.911502506847791 -0.597194620290604 -1.45373551739901 -0.648779131028549 -1.19475637646839 -0.771513310830835 -9999 -9999 -9999 -9999 -9999 -9999 -9999 -9999 -9999 -9999
-9999 -9999 -9999 -9999 -9999 -9999 -9999 -0.915462246176428 0.392242112485658 -1.67953491795321 0.81919080856134 -1.33462077685093 -1.12304187097351 -0.271909149081762 -0.455409097011022 -1.05226292818652 0.10165683226587 -0.830899619081786 -9999 -0.780380320741745 -0.737357697333094 -1.2148416873556 -0.982580906777275 -1.10878492119152 -1.05703508987266 -1.71512696863167 -0.312332035221172 -1.10988090114008 -0.0214247191197443 -0.701791999084823 -0.121970877889322 -0.832346024288853 0.557128278840556 -1.61237855631113 -0.379525189001162 -1.68881198762153 -9999 -9999 -9999 -9999 -9999 -9999 -9999 -9999 -9999 -9999
-9999 -9999 -9999 -9999 -9999 -9999 -9999 -0.450755166529651 -2.04928156328006 0.192005969910863 -1.37583195768957 0.21046216572309 -1.61140813180232 -1.12068425257586 -0.931935999031277 -1.0650039611584 -1.36599161863435 -1.21919984727584 -0.494976300086438 -0.883885119186603 -0.986575078690328 -0.0899987778848901 -0.121580051026937 -0.873038458155836 -1.30180873413945 -1.42734713503268 -1.33817267812871 -1.06256206548781 -0.657614278496315 0.282708724078056 -0.819455570811428 0.732907160882929 -1.58036972357847 -0.135168117193032 -1.326128112854 -0.613081526976894 -0.984751332474478 0.148432931511906 -9999 -9999 -9999 -9999 -9999 -9999 -9999 -9999
-9999 -9999 -9999 -9999 -9999 -9999 -9999 -1.15633705941294 0.873005050196271 -1.28153327144078 -0.241368136517105 -0.948545768645701 0.164852394531367 -0.807920771079421 -0.966381276883112 -1.69778361910869 -1.52621755662278 -0.743665210473226 -0.431375320126735 -0.701087445386785 0.225326450617435 -0.395353095048734 -0.240391537880059 -0.498157993499281 -0.783645630131872 -1.40485107148726 -0.358630897128976 -1.57308401356934 -0.506524388186699 -1.41652481271257 0.557847198157898 -1.41937737881294 -0.509908678643668 -1.78434946464558 -0.513856436905538 -1.32083825974673 -0.170712474027268 -1.72548716845971 -9999 -9999 -9999 -9999 -9999 -9999 -9999 -9999
-9999 -9999 -9999 -9999 -9999 -9999 -1.51585283772947 0.0742763848427704 -1.55652209347921 0.41336127271338 -0.779268816562053 -0.600131937959797 -1.23144980246137 -0.384614471908918 -1.28947810240206 -0.433044984375942 -1.13568627067909 -0.609866564323448 -0.458973129051279 -1.07783019231849 -0.679120595739122 -0.252287081147099 -0.241262647134046 -0.994078492871551 -0.551240105047791 -0.373342754630226 -0.737877162411281 -1.39369358017873 -1.48328485110374 -0.207374750305607 -0.747287026366928 0.34699171121495 -1.03669441016533 -0.344928518010018 -0.956242577708371 -0.189822638229278 -0.517414669188998 -0.922590780345306 -9999 -9999 -9999 -9999 -9999 -9999 -9999 -9999
-9999 -9999 -9999 -9999 -9999 -0.815473421237405 0.152448703100944 -1.65757572330742 0.168974462043286 -1.06118617099658 0.290863769973216 -0.703939602003651 -0.458064588995238 -1.38036603962512 0.267023521733272 0.278445036186748 -0.299065213042733 -0.378610141370328 -0.970149953606178 0.054304238537808 0.216241566283425 -0.828566978817173 -0.468191412235611 -0.587924692943132 -0.717506724551562 -1.39072790565693 -0.805722821015142 -1.33656277747416 -1.35163191108417 -1.56151325199234 -0.9896395344368 -0.416794539585239 -0.340388063332332 -0.813276293968933 -0.0983852352714706 -1.04198263102831 -9999 -0.876903134305514 -9999 -9999 -9999 -9999 -9999 -9999 -9999 -9999
-9999 -9999 -9999 -9999 -9999 0.0475301082912775 -1.85594051064434 -0.528539053361379 -1.62739025413142 0.141225022577114 -1.32114763909498 -0.28086710122218 -1.1870129480426 -0.592292358897349 -1.52787182727304 -0.123939255304284 -0.318509047518287 -0.361837913761195 0.298826329324122 -0.521724884301873 -0.0337105757268367 -0.170302889259208 -1.25462471003028 -1.01369855831933 -1.76661820535006 -0.235769590046984 -0.599556428632266 -1.73059693633159 -0.320424400717476 -1.45561192652692 -1.9065416468269 -1.08103529197906 0.0573473658480642 -1.26391100374565 -0.679229542782887 -9999 -1.08955959822333 -9999 -9999 0.600310778760325 -9999 -9999 -9999 -9999 -9999 -9999
-9999 -9999 -9999 -9999 -9999 -1.23644453021756 -0.213247983360806 -1.00381320356506 0.211728086309779 -1.40073351386136 0.0355506926213742 -0.838440381447745 -0.904090438806374 -1.13732056960409 -0.436132528992608 -0.770398651980199 0.149972112124209 -0.40541475313649 0.141612752679773 -0.634723512864698 -0.426727529030327 -1.00399549761017 -0.522005591019995 -1.64205046128402 -0.898009831861026 -0.630749589227651 -0.772635532371762 -0.619493246511264 -0.963419180749254 -0.692106921785362 -1.6209402431343 -1.47454472159449 -0.518878744934956 0.157822212920031 -0.643532489031514 0.538744957864612 0.352340281680637 -9999 -1.24601472012051 0.326201123020776 -0.518329002366312 -9999 -9999 -9999 -9999 -9999
-9999 -9999 -9999 -9999 -9999 1.14050186334232 -0.893414287131223 0.628567187676179 -0.970025096515391 -0.132182222938885 -1.06772306263781 -0.606438620819893 -0.714518443954125 -0.0930323178482164 -1.414257054563 0.747786507911259 -0.378243361385795 -0.600923074447548 -1.1261551930857 -0.578447417207291 0.126617699558098 -9999 -1.67248149165507 -0.574285667979153 -1.55765547640914 -0.502989736827501 -1.15344555093296 -1.06000260715819 -0.401241000593868 0.171209384193091 -0.81912632221717 -1.59921058685213 -9999 -0.364181158420684 -0.698931564635106 0.0884016038780745 0.0619223518760785 -0.542069665923858 -0.396358437799472 -0.202264156788356 -9999 -9999 -9999 -9999 -9999 -9999
-9999 -9999 -9999 -9999 -9999 -1.27305267235659 -0.0207286754510495 -1.71830385232236 0.200405991403489 -1.48538368599125 0.189799115115391 -0.289807841274047 0.189250145934092 -1.28948007757162 0.48187486603024 -0.394825246418785 -0.812614265557895 -0.657445045751281 -0.446489951673597 -0.513426023670018 -0.0857159829473173 -0.730309590786023 -1.15893352796154 -2.11791180169518 0.031848932726297 -1.34264250158097 -0.84292844146806 -1.55500944689561 -0.83839063309 -0.643004527359894 -0.769121190006116 -9999 -0.382298502381109 -0.879695882073613 -0.380047357017631 0.119283192464317 -0.127020192666815 -1.07426460953065 -1.41381359800896 0.119073740410314 -0.0720486197596471 -0.430177452417607 -9999 -9999 -9999 -9999
-9999 -9999 -9999 -9999 -9999 0.0780067129804846 -0.918065410498084 0.27766921233168 -1.76427434164286 1.22299781327245 -0.494265421909672 -0.278056139793338 -0.487978815355084 -0.687227954165058 -0.79646765933102 -0.334544977744669 -1.00920975213085 -0.270286067261973 -0.106155435781541 0.0483133329285071 -1.11307122737872 -1.19953929464212 -1.01519753356737 -0.378575296971242 -2.04884486853296 0.0272078958427133 -1.73952201855177 -1.67059174372632 -1.37117370925147 -0.445614348503948 -0.916270685098942 0.0452026141641113 -0.388807005213474 -0.0213880871154017 -0.666306355430548 -0.303831465358952 -0.235152313462505 -1.01246317286181 -0.766087506630478 -0.435074009963387 -0.0512426658853672 0.0236340333893103 -9999 -9999 -9999 -9999
-9999 -9999 0.520074651989237 -9999 -9999 -0.59798076734417 0.289179372571131 -0.833421859826748 0.563287123341356 -0.842150675789759 0.565494094230906 -0.702444828285609 -0.219375458416352 -0.487873020248988 -0.729533010382941 0.10415438919728 0.0868410407432895 0.529889216468256 -0.638775524269289 -1.20955250732702 0.0586005445139835 -1.52320153663516 -0.853548426359178 -1.23102292457082 -0.533902217181148 -1.14802466531055 -1.19069190744588 -1.1889125540358 -0.964946274546817 -1.20359081724524 -1.70202042542752 -0.841623526217124 -0.627537492958321 -0.622901705785013 -1.01941409036223 -0.930840179781257 -0.0608440105850128 -0.425966605886416 -0.799553889205189 -0.476190812713906 -0.619548396730712 -0.353897881801115 -9999 -9999 -9999 -9999
-9999 -9999 -0.385583845503169 -9999 -1.0102011330154 -0.655693194075683 -0.356055805660165 -0.74295023118306 0.224382135295153 0.485597394568459 -0.379743022118141 -0.633599292122639 0.254380947405341 -0.518441508417501 -0.984231687697693 0.0963910603897466 -0.35982575399159 -0.273797701365197 -1.83378203811104 0.352190549883925 -0.143973726640005 0.0278495262179931 -0.500881868355046 -1.20416238887748 -0.545980781046221 -0.363937949078278 -0.621087004360406 -1.72797480713517 -1.02362356483904 -1.53318376359366 -0.266642985001715 -0.718057430408793 -1.00026213292768 -0.79458140527674 -1.05518386080916 -0.989009867141192 -0.192629120048447 -0.793583300569392 -0.624416386614943 -1.26713419309094 0.149823588896953 0.123141631681305 -9999 -9999 -9999 -9999
-9999 -0.206728754658339 -9999 -9999 -0.411139584979845 -0.430277298119699 -0.488700727873793 -0.371118460031344 -0.0213947736418818 -1.09799979732807 0.957448685957422 -0.845660170208477 -0.74287553849003 -1.12778624204182 -0.670744383583894 -1.73403805294758 -0.69366047092956 -0.699442298255305 -0.649413542629366 1.01826677547897 0.176742728154817 -0.604724032698937 0.325175626699733 0.00438549118420711 -0.370868670332417 -0.453266070056749 -1.58048151690495 -1.44707277027744 -1.57272935240166 -1.46245198918954 -1.00180492454132 -0.670797900111045 -0.105085612038994 -0.482568341540547 -1.31597232235933 -0.150813603558357 -0.809570542461343 -0.114999636233828 -0.751170073953523 -0.82242466435625 -1.75502621698741 -0.0357920456697979 -0.738345860964814 -9999 -9999 -9999
