Model-results/Spatial/Envenomings/Rho-Geweke.asc
NCOLS 53 
NROWS 93 
XLLCORNER 376490.070567719 
YLLCORNER 384721.488324056 
CELLSIZE 4595 
NODATA_value -9999 
[rows 60 to 79 of 93, columns 0 to 45 of 53]
-9999 -9999 -9999 -9999 -0.573378825483068 -0.888999341695452 -0.761453709481788 -0.673239104973481 -0.691876605024451 -1.56060105570984 -0.679664625572859 -0.375339635132853 -0.114145786453184 -0.0377639616794758 -0.774486961907313 -0.766567203665023 -0.387285095539027 -1.13270537338871 -0.589195772743558 -1.1270130702901 -1.07289705565804 -0.875912007459206 -0.97457530554161 -2.00199674298644 -0.443184150477509 -0.248002740702851 -0.576997798316723 -0.16318662666331 -0.623876111051914 -0.925321777574378 -0.265337263606406 -1.20524491195485 -0.861432187999545 -0.961866018158422 -0.88282023444873 -0.952540418222437 -0.960411764924364 -0.773954750004648 -0.442636976683732 -0.257433385620453 -1.0938083847889 -0.489947484118215 -0.732351285777563 0.149220928135716 -1.18181226694001 -0.716694740658385
-9999 -9999 -9999 -9999 -0.573697326918571 0.17262986881532 0.0620308397767096 -0.643142322854686 -0.452502299815754 0.650382354370847 -0.354254181983651 -0.9215533532668 -1.41491222111415 -0.561647080529376 -0.745721447956545 -0.321400526908822 -1.11232559391571 -1.04972019790932 -1.87648305780813 -0.941795473520324 -0.539311863997416 -0.625361624934921 -1.0371331517216 -2.10892852012666 -0.625481246380417 0.110998140845617 -0.696875885687517 -0.131993685875036 -1.1298487455969 -0.864781337990507 -0.0769891106572695 0.0685099961375134 -0.66682838306303 -0.766415905318292 -1.55596226693662 -0.662445825886673 -1.0749577740957 -1.12703412189019 -1.05121208238163 -0.339434680942487 -0.716874221237903 -0.832552836033448 -0.908861305339205 0.536916980100852 0.0718853252436468 -0.828504897543712
-9999 -9999 -9999 -9999 0.512986873627114 -1.12283251575311 -0.21358836982576 -1.18419808179837 -0.0637116773036769 -0.834281803449288 -0.276195646948028 -0.872976985377594 -0.646389529782396 -0.543694608303277 -0.646856493598215 -1.27813252392854 -0.895889669966349 -1.21317832603235 -1.8760545769629 -1.38847591034103 -0.524596940117412 -0.13482139675069 -1.51750608035565 -0.671772561436534 -1.25554874972652 -0.568915232727154 -0.173258088539974 -0.405420944696662 -0.0239740584602698 -0.696708291597174 -0.682654499315928 -0.30789082204055 -1.42569239109073 -1.79248704104655 -0.369272241047506 -0.415803784729773 0.258624411932823 -0.0975684522651475 -0.438060657062939 -1.79666813650676 -0.64866259516862 -0.68321923517122 -0.457631232795856 -9999 -9999 -0.882896664368891
-9999 -9999 -9999 -9999 -9999 -0.21080683498371 -0.606867756939527 -0.0846130845336267 -0.127560129285769 -0.74843523156952 -0.61138098708882 -0.978029631467027 -0.711898930922262 -0.313304820543508 -1.16405852510549 -0.766601973174991 -1.54173962083147 -1.30392547543086 -1.07224390141256 -0.622051472661236 -0.652753551552978 -1.21986068209482 0.210459622360336 -0.174148281378403 -0.586077347506726 -0.0472741401980317 -0.59062281197493 0.019588044348057 -0.221111110151555 -9999 -0.593577205206343 -1.29925642197259 -1.27676671185678 -1.70580265852176 -1.36465150793376 -0.764368686737455 -0.728396941477893 -0.973222526359889 -0.932891863324372 -0.533579630897022 -0.500530974671673 -0.268996788213322 -0.827286609765484 -9999 -9999 -0.516707721346171
-9999 -9999 -9999 -9999 0.518206679921709 -0.225083300650366 -0.557333270959002 -0.947761258902388 0.332545452957151 -0.988362802322584 -0.00920977952584842 -0.623377701357455 -0.539021772516356 -0.728539382579095 -1.76463473588698 -1.13588806641205 -0.845729216354648 -1.18410030692905 -1.59230242674027 -1.2817071514915 -0.882557484943864 -0.628585981499387 -1.33806253428321 -0.0760386079795223 -0.649042352113855 -1.12520358555688 0.0711189447044371 -0.345317111243708 -0.664264310148451 -0.42305289974474 -1.04188639542485 -0.892265620186351 -0.761806945124801 -1.05045219342482 -0.674515994862752 -0.827708623022232 -0.478662973460539 -0.357761065681987 -0.359931755522904 -0.880551785882773 -0.608235315573965 -0.746636787683988 -1.23629521789586 -1.85973451936536 -9999 -1.59610901765794
-9999 -9999 -9999 -9999 -9999 1.14195524841655 -1.04611298522227 0.362098595304739 -0.929976266002535 -0.581293627565823 0.0544894035532985 -0.559416167994312 -0.00568249609514248 -0.76739766034292 -1.4482449834062 -0.566902730943817 -0.528418117040358 -0.926610473842305 -1.01861024389061 -0.6825191849249 -0.641950908158733 -1.75891497803419 0.0655722539944038 -0.251666969476084 0.10488720217155 -0.864221851277394 -0.77922757566024 -0.653073891026827 -0.703940436172996 -0.705718010060558 -0.265352793758614 -1.26236251713897 -0.497390230710957 -1.30134990603494 -1.498835096719 -0.0419385595580572 -1.22252196528308 -0.220973894700948 -2.02380700387317 -0.590227235767121 -0.620087951461559 0.207455273953648 -1.24207774828464 -0.956964869652151 -1.90644740724203 -0.172020497968922
-9999 -9999 -9999 -9999 -9999 -0.0802715539223405 -0.184475308606108 -0.715115882400731 0.0471937417550771 -0.845686149327754 -1.83243492542758 -0.465828025743386 -0.825374348475448 0.144346829379635 -0.837126176812262 0.0819242788424211 -0.850604457221113 -0.510232021895562 -0.760271924661038 -0.105747427026085 -0.945825614489233 -0.518694021516126 -0.53334970774348 -9999 -1.2689517898409 -0.425440210148336 0.0373850120965069 -0.783605178765055 -0.711396339537989 -1.00496611615458 -1.10710641941098 -0.824074783925926 -0.622696372084709 -1.02489830744948 -0.993012750621231 -0.991763307804142 -0.0546905701656749 -0.985761512229316 -0.70624858130988 -2.30607758755577 -0.483108965474775 -1.25932808455013 -1.02535061724238 -1.60213435626612 -0.348583191620028 -0.985922912777441
-9999 -9999 -9999 -9999 -9999 0.315267104480862 -0.679565967354845 -0.221392660892539 -0.886367049245918 -1.13304569136406 0.345412981350438 -0.637864920914197 -0.509282188550976 -0.960122612798619 -0.492657002142845 -0.0642033228638615 -0.0851926109463633 -0.508084111232806 -0.254744681758471 -1.13816255816605 -1.1261375430682 -0.622991748319818 -0.334433599129556 -0.728227917340882 0.117212163266187 -0.863984335856367 -0.203904373535973 0.462565233017021 -0.700702641139736 0.0843056557772338 -1.29662833636848 -0.420215444887761 -0.451940101756237 -0.452357407433488 -0.999117726054651 -0.365166391422553 -1.41160735045578 -0.802076411460272 -1.6719852797133 -1.48502488535352 -2.02440298558636 -0.944764459462621 -2.00625832160945 -0.270819851122775 -1.83855643547855 -0.264733016272211
-9999 -9999 -9999 -9999 -9999 -0.245927064993079 -0.446557944896321 -1.28147483524785 -0.123702016556084 -0.282952571105102 0.00167313992240745 -0.819514334583715 -1.13478637991491 -1.53352025175744 -0.815388228635415 -0.646004097828693 -0.788128299308143 -0.192589944878767 0.0349813495330044 -0.483665434182477 -2.03720320014473 -1.029325449565 -0.100461713448688 0.388380975427017 0.0599288558086864 -0.00415798445046386 0.209895944861167 -0.751572128691571 -0.0849390769674313 -0.89087719114995 -0.700149614957288 -1.10017500160988 -0.275663067147243 -0.907213265350534 -0.544355271583328 -0.708747316513715 -0.736141475910186 -2.36935760408094 -0.294964566207303 -1.74872657642368 -1.26875968875409 -1.84187442073293 -0.937706739389494 -0.998009542502287 -9999 -0.523591665978123
-9999 -9999 -9999 -9999 -9999 -1.03909974995857 -0.206187963215965 -0.641170333385583 -0.376799060419724 -1.18834729701351 -0.630964679465683 -0.0489369397083146 -1.01094067364763 -0.771291778218288 -0.0727303968948814 -0.0593991135486105 -1.20736472967445 -0.30122349161789 0.00981662655930618 -0.366789178867376 0.597014400348118 -1.13574410356697 -0.40715819325081 -1.33520355895364 0.888289730913055 -0.430150826934449 0.52315335782166 -0.346530120321556 -0.679951042752894 -1.63356469782294 -0.951342213908344 -1.21140663050394 -0.398334989727775 -0.566781107218815 -1.3055384116843 0.174761844171367 -1.10419799913886 -0.140389495343452 -0.391719781813144 -0.156219613843259 -1.94972410463248 -0.824176311447858 -1.00357803353125 -1.07257290274776 -1.4519919360299 -0.539968025550243
-9999 -9999 -9999 -9999 -9999 -0.379346819264876 -0.69907232076538 0.658127102873964 -0.164042286592639 -0.114398503912883 -0.350014740881402 -0.305898586058606 -0.629684791237221 -1.36940151576721 -0.257789523961077 -0.0186658330183629 -0.326311320412019 -0.720774451454871 -0.264309334419076 -0.742303056837047 0.0585088391943448 -0.2417558728507 0.424660049120394 0.882503699072612 0.1188039548382 1.75511200584906 -0.869992682637368 -0.101809290471975 0.233243869555523 0.188514127575283 -1.08430322978582 -0.0691489759610474 -1.25943808193232 -0.542268891616152 0.303128845508474 0.383138881214531 -0.348881305876871 -0.354252248142793 -0.668019608308444 -1.70820243954265 -0.490484315469273 -1.78371644040744 -1.31825506276705 -1.69983157050127 -1.09023630973272 -1.39441554540551
-9999 -9999 -9999 -9999 -9999 -1.20905143950431 0.121288269488478 -0.162040470901412 -0.0561645865694843 -0.743384002287793 -0.644310824201381 -0.087097999040866 -1.01990805083227 0.039977555298249 -0.182014921496183 -0.738211831457728 -0.711610921584015 -0.812487072836944 -0.0977323271289993 -0.0655447240417349 -0.0321733780137008 0.0990845879399494 0.672508859510864 -0.198947384035733 0.8266980237431 -0.376259172993046 -0.326168963007241 0.100823919674753 -0.618561298722013 -0.291341157745539 -0.375363357183065 -0.685710158373043 -0.361803229642088 -1.01074043353711 -0.646634309693348 0.148195657468095 -1.81249360668282 -0.81070658761467 -0.51579013828392 -0.464483094699952 -1.17544870571653 -0.866900358123592 -2.43558564685673 -1.19090778725356 -0.942197638448382 -0.0939074625425865
-9999 -9999 -9999 -9999 -9999 1.3318033419279 -0.479917103777793 -0.546417314920536 -0.602271551493179 -0.232486906564085 -0.757378755032506 -0.553603340528758 -1.03314255407717 -0.396569640534142 -0.777736999088573 -0.819103781455993 -0.0603855968940281 -0.694272479290745 0.503091233280461 -0.761180144837314 0.352299570817212 -0.0472446283230992 -0.10831023883404 1.03012080820349 0.717512966516445 0.076477179015342 -0.449382492557302 -0.302852564455038 -0.0781413118487415 -0.0943544876803873 -0.526834692283995 -0.776361934257499 -0.500771174899782 -0.841454583252064 0.650929781571512 -1.23648134007572 -0.149157195532669 -1.6156327835979 -0.901280645773654 -1.41313639461649 -1.02043850326216 -0.636603345440448 -0.776261682852446 -0.708259523959655 -0.570443335048369 -0.588573929190816
-9999 -9999 -9999 -9999 -9999 -0.5797396498566 -0.606719949819183 -0.379108088839168 -0.760646875389977 -0.874397444213452 0.206726769192066 -1.25642140244599 0.375382308926122 -0.34224411963858 -0.832945385453514 -0.688304728442484 -0.0848772514707983 0.115340389511625 -1.29907119056197 0.202178945382761 -0.76002520804295 0.136656479789754 0.400250464184817 0.288596518431781 -0.625856295063491 -0.453514487137505 -0.449069144029652 0.179107593554014 -0.0695046543767168 -1.15408914150545 0.582198724324695 -0.39638401894171 -1.00039737995249 -0.158873499264895 -0.699310672503047 -0.663112547802583 -0.324998164946727 -0.92225558110355 -0.917603270875759 -0.805962435491993 -1.26144710564437 -0.941117701877624 -1.59931024982481 0.105124065590928 -0.666924070862118 0.0454665832750552
-9999 -9999 -9999 -9999 -9999 -9999 -0.290357772628863 -1.07171555243967 -1.3484400837487 -0.509378079903751 -1.44122013696017 -0.0387199510675386 -0.663625881522179 0.122396267889073 -0.251678863928822 -0.0697479417423041 -0.653932109151415 -1.06652310482259 0.217104903165408 -0.387178961204242 0.65776595843352 -0.272081668683428 -0.700901677999146 -0.514237034918219 -0.476992458679687 -0.854367424994714 -0.654276821190865 -0.341895623281998 -0.612980935077394 -0.177467342099854 -0.579447497634599 -0.345634871831993 -1.01771693638509 -0.326299912661916 -0.987373107158757 -1.04586999814394 -0.836087688764895 -1.51534131253785 -0.271148257010539 -0.91656561540162 0.91914845888152 -0.900336023921685 -0.578406494893801 -1.42880794933288 0.114129241024235 -0.981661408190864
-9999 -9999 -9999 -9999 -9999 -9999 0.14704987195211 -0.848006022672588 -0.439809912869848 -0.478175577126535 -0.684731654520609 -0.537781731747454 -1.39378327064846 -0.365765601373998 -0.861651965107272 0.387056062716344 -0.76361951539982 -0.527337169119749 -1.16272153195163 1.14456815284079 0.23779902240403 -0.491997417260568 -0.32774549778949 -0.298114409250691 -0.259590105183674 -0.528182655543738 -0.24740509558501 -1.74112535217607 -0.732158876278399 -1.98166705486348 -0.655264194753965 -0.901744329288976 -0.969614174708522 -1.14265270530045 -0.795486488625336 -0.614839206942887 -1.40846585711488 -0.250460334783496 -1.1738977130014 0.0196189016818103 -1.71993819983792 0.379457867796204 -2.00716433781278 0.330547551149885 -1.33963317083868 -0.577911973060515
-9999 -9999 -9999 -9999 -9999 -9999 -9999 -0.40654015737017 -0.365086529767037 -0.716313845856312 -0.822927355823261 -0.468257112170816 -0.0412546528477131 -0.176233827809569 -0.628765018807985 -1.30823657288294 -1.06330806362115 -0.914798615520572 -0.558038117870968 -0.611519311309906 -0.76530602178512 -0.514740403252227 -0.804850798469609 -1.2950948645545 -0.208776288231326 -1.79795917087518 -0.481178656286779 -9999 -0.0909849540607165 -1.17959981632793 -1.62785354533372 -1.4668419446404 -1.49161099598208 -0.680691686453677 -0.826786493709716 -1.25805735443349 -1.49965531804555 -1.29894395038463 0.373863686029025 -0.848419536440731 0.461589052499901 -0.420778601950096 0.674319701292533 -0.930179062358356 0.480672610693357 -1.11791432229935
-9999 -9999 -9999 -9999 -9999 -9999 -9999 -0.710759149456901 -0.351444350244949 -0.945107322957784 -0.377553774842141 -0.585333878480066 -0.220944781093849 -0.79729935113481 -0.941250005219936 -0.922922165876161 -1.28846753555786 -0.292367844038195 -0.65750023493848 0.186174484530915 -0.6714735843627 -0.497576049905109 -1.12017719290289 -0.732735805722457 -1.53110099425582 -0.978572730384935 -0.806485568700752 -0.631697846623038 -0.546718563683049 -1.51539594777258 -1.07416695496097 -0.71719438089104 -1.65076721781308 -0.962909775197864 -0.391953367730269 -0.277231447515438 -1.79805026063296 -0.385565301454494 -1.39954243522454 -0.053544012109047 -1.29693666625243 -0.0962636838733215 -1.38232818224184 -0.54833798435221 -0.713211866750885 -0.494851841138387
-9999 -9999 -9999 -9999 -9999 -9999 -9999 0.00888935285479401 -0.599231519493056 -1.1179766634191 -0.275292983637737 -1.49658047669538 -0.379911015939324 -0.75720664345949 0.283375951706012 -1.0911486595327 -1.4580744604352 -0.876348451493924 -0.787971572895593 -0.920924033734645 -0.849207152026779 -0.389925397774049 -0.938274817271052 -0.323331347793901 -1.0484918858784 -0.797894249460846 -0.489236802872194 -0.0280130266106939 -0.88365946324951 -0.608373631032138 -1.01857239979176 -1.54725082641355 -1.31539107452325 -0.587926585940687 -1.83426683201944 -0.384455734883017 -0.88758207342769 -1.55954084928568 -0.229260206266134 -0.964980962378901 0.226073188094145 -1.13491984087694 1.13805493958328 -0.995971796823186 0.148937370512206 -0.54759713546465
-9999 -9999 -9999 -9999 -9999 -9999 -9999 -9999 -1.12467922109151 -0.323434997771901 -1.17836585166662 -0.0252204626144696 -0.340995808023634 -0.321135064008533 -1.19660656689149 -0.826055586552627 -0.896606833551337 0.590552706857718 -1.02915116481558 -0.906242187521461 -0.116749466633045 -0.371561114028726 -0.394801401288545 -0.945188852440216 -1.14792597358609 -1.07728161885852 -1.75328455897851 -0.997941822216009 -9999 -0.650808782770458 -0.433598890312438 -1.57699733304932 -0.9745655569367 -1.93765635646297 -0.515554189941634 -1.1384034646554 -1.17782265925072 -0.88676594188251 -1.5003241859496 0.193230346348044 -1.11778417908616 0.259112181518729 -1.57069452002772 -0.408628895169937 -0.17093669650466 0.303026607552516
