Model-results/Spatial/Envenomings/Rho-Geweke.asc
NCOLS 53 
NROWS 93 
XLLCORNER 376490.070567719 
YLLCORNER 384721.488324056 
CELLSIZE 4595 
NODATA_value -9999 
[rows 40 to 59 of 93, columns 0 to 45 of 53]
-9999 0.827272205872089 -9999 -9999 -0.54210571123644 -1.46568670227183 0.399016700207536 -0.979961530404692 -0.677608981178044 -0.170210847425787 -0.409326848395092 -0.62031275314171 -0.371147250289488 0.0788065819105209 -1.47440091656182 -1.00717719210541 -0.916500531500586 -0.878665879189181 -0.519614142952552 -0.614342210183217 -0.217536292490006 -0.459998730021301 -0.146829517601616 -0.590829520148833 -0.184280377292784 -1.26493196134091 -0.380356747512625 -1.42473977222055 -0.672394552638174 -0.474340145501464 -9999 -0.772990866051299 -0.228920025211295 -0.418583979373797 -0.568226345214352 -1.28506910026717 -0.223234627755094 -0.913876680105268 -0.383345037825341 -0.833952434402798 -0.0719226684760368 -1.61184122541224 -0.727255264303956 -9999 -9999 -9999
-9999 -1.00483369928914 -9999 -9999 -9999 -0.288060914358716 -1.51877820693667 -1.44866133291814 0.123286215664064 -0.862045803259117 -0.0854863723522038 -0.320157901717167 -0.685664814244219 0.0180114705759328 -0.0477145928611664 0.582356818690083 0.622343996456184 -0.862140528550768 -1.03132425453759 -0.0106604059720025 -0.558559246726908 0.132664852707483 -0.309533797009801 -0.408425623766777 -1.44572280665419 -0.870137699249032 -1.16295935549233 -0.246871063039532 -1.34514740205972 -0.880231550123807 -0.669165475609913 0.225355509738106 -0.651638120828368 -0.239846703952458 -1.18718528024646 -0.670818118694066 -1.34004835838626 -0.301541721751109 -1.55298747604779 0.317260502812145 -1.09498686842726 -1.24114573083972 -0.62872017845311 -0.148959467925982 -9999 -9999
-9999 0.138440161543738 -9999 -0.662381658938727 0.351752134781939 -0.0607663118744111 -0.121486001560535 -9999 -0.93379478816092 0.886520168876552 -0.493375601269931 -0.283983608042198 -0.119271088100185 -0.57582150300539 -0.450913532052259 -0.786183784276819 0.552008927126291 -0.971435347745825 -0.149478233432539 -0.136228592774765 -1.58555538844817 -1.0466546598517 -0.871743844796042 -1.24060868774909 0.049765090456781 -1.82904406519412 -0.630974220627821 -1.03410074521337 -1.008903113039 -1.32289680655521 -0.996450463729097 -0.527456884743928 0.315109605458169 -0.760353942318815 -0.8565400989459 -1.21475642467914 -0.377797472099589 -0.417861690774183 0.378642864103722 -0.574265182348364 -0.0565340012938397 0.106291509924937 -0.538503790102314 -0.873798810785347 -9999 -9999
-9999 0.206253966504861 -9999 -9999 -0.7459046794973 -0.444014784181647 -0.171782326639386 -0.990757320501629 -0.347072897415241 -0.9846882884972 0.23830507313506 -0.000230255799565897 -0.613504780950234 -0.904813537930138 -2.24146606498333 0.385330147802904 -0.302665473061886 -0.317031352604007 -0.00319355376109131 -0.688259655958394 -0.796603236576054 -9999 -1.27391801132614 -0.553362964271673 -0.928628373725783 -0.107265246288056 -1.29821049038102 -1.25919706394501 -0.833799878299972 -9999 -1.28285670168598 -0.779117571438253 -1.40872011653967 -0.608748065510784 -0.729153212443406 -1.73314987974367 -0.816663549919963 -0.922315052611769 -0.564263665597215 -0.312660618790145 -0.663191198375255 -0.342878602719364 -0.660301696289777 -0.21533288821856 -9999 -9999
-9999 -9999 -0.173265500625585 -9999 -0.0730087948062184 -0.403658983542135 -0.479068867049283 -0.88178321677755 -1.33599521284988 -0.376698036760312 -0.728121183046649 0.0181339295074089 -0.604523671583017 -0.868703925266136 0.129091549505506 -1.32312352127455 0.0412044531673272 -1.01667049040646 -0.448843023046537 -0.640220305259174 0.0748605804941987 -9999 -1.10657012516986 -1.75944298060963 -0.612382742578272 -1.49663091955685 -0.344501417454609 -0.968736105223587 0.468555772691625 -0.48628563794642 0.527696111922015 -1.04822901741444 0.0655036714310703 -0.787369314731713 -0.514667625269025 -0.888388479832619 0.0877545381373403 -0.66256620857682 -0.979905221585834 -1.7342646565156 -0.0217401175169621 -0.385171019718408 -0.675748015814264 -1.57872635265356 0.546908887385339 -9999
-9999 -9999 -1.24320616747867 0.691811446890302 -0.910265673702137 -0.541731523708803 -0.92221703891038 -0.398144299414333 -0.731408498999936 -0.919744919509212 -0.0870501069791866 -9999 -9999 -0.165649991123248 -0.30285763751242 -0.705280576325305 -1.62150166469443 -0.693320080327959 -0.998373244173484 -0.683658581381418 -0.727919648306591 -1.26701913120529 -0.994587939224888 -0.581579760280344 -0.741857828663955 -0.520274735603365 -2.03498629477717 -0.471365455818968 -1.85861123688342 0.490558469396969 -0.895780940294204 -0.6888273968389 -1.57365623013376 -0.540645606460742 -0.498970621623391 0.105725639410586 -0.980571527586835 -0.444402274004967 -0.726461177612393 -0.76997719386644 -0.171969905708689 -0.363122007304118 -9999 -0.302721543344911 -0.696443832913873 0.101939931947238
-9999 -9999 0.163337792109411 -0.814255776957041 0.0104731320981975 -1.11664172730423 -0.445558357442103 -0.752306061653085 0.0634290955413706 -0.633540585357237 -0.401493949946125 -0.326083052174153 -0.135983668769907 -0.398334816441489 -1.27691215460827 -0.39448438657697 -0.571871653271453 -0.0383628990938701 -0.856793652383678 -1.82513164458544 -0.432188344706555 -1.26204667902333 -0.748516448516988 -0.487999371286189 -1.13339172478727 -9999 -0.872321791145884 -0.588138259305584 -0.534678835737252 -0.568929797764826 0.276108191825365 -9999 -0.590368275576584 -0.952466348105489 -0.608119816948528 -1.05604726626238 -1.05589137626539 -0.720718953472715 -1.33060468980114 -0.797107481326706 -1.19735402419126 -1.34236441268716 -0.178553749268245 -1.29122358320684 -0.642715978583604 -0.917128223457832
-9999 -9999 -9999 -0.437120664622893 -0.623642561136637 -1.26101681051882 -0.603593473315796 -0.386826480017272 -0.418133213570527 -1.18569357336579 -0.739071039164027 -0.371556815543093 -0.560759993051616 -0.0869576628254177 -0.393109477536666 -0.34756202360756 -0.133168344304669 -0.699390203838379 -1.03361108740006 -0.0480436737126207 -0.415057623720477 0.0230254233206217 -1.03023918945752 -0.473112198963044 -1.01783033968529 -0.599693603235378 -1.43850551074055 -0.410029344429775 -1.6739940963288 -0.950818371545644 0.0859881825381831 -0.774614462010911 -0.29045373430136 -0.828897399187452 -0.784798551352679 -0.669906523747912 -2.04472258224159 -0.666379904003987 -1.04319817640757 -1.79753344164064 -0.985213669814589 -0.744019267737503 -0.976697591397625 -0.429790796415667 -0.334358328775442 -0.308524182006001
-9999 -9999 -9999 -9999 -0.256300189433728 -0.774561226359083 -1.26045093670227 -1.0607847726794 -0.914926216348827 -1.02419860149517 -0.762889185870712 -0.45169924808492 -0.326956933703277 -0.653434494591917 -0.787027127928015 -0.178769549742783 -1.32111533443966 -0.598765563578003 -0.604155681905143 -0.280100301222578 -0.863028010723295 -0.279538542458051 -0.837884204094168 -1.08057397592743 -0.691655098305809 -0.799444372195509 -0.624075953695627 -1.17413089724933 -0.590425038247854 -0.901961537073904 -0.959536349611203 0.131918539674158 -1.04663348896198 -0.470526126843713 -0.754026605318734 -1.07104796997406 0.165894723868875 -0.604569628527232 -2.01569479517032 -0.780945722779558 -0.636490110277393 -0.703494678938716 -0.686542825467104 -0.677502879204666 -0.346813794052669 0.108601888669704
-9999 -9999 -9999 -9999 -0.568782091858228 -1.23259682807704 0.326774206771958 -1.27008512662229 -0.354108005409089 -1.04718627641177 -0.479207483417291 0.138237795667725 -1.91466408262746 -0.33709791445989 -0.475693030969163 -0.388060247348393 -0.755106040154376 -0.464749792831269 -1.93240338193713 -1.1816656955605 -1.92336436572498 -0.720024565073035 -0.683188742614369 -0.788682596276356 -1.26315018737413 -0.245417959250982 -0.90173283365029 0.0316331563699542 -0.295906076359873 -0.69094278327664 0.531371171722902 -0.34088279198471 -0.12629235035935 -0.772742469986846 -0.394928708400436 -0.928773465726174 -1.53205147624075 -1.19070625965142 -1.22680476130972 -0.0928579185390757 -1.32861577110494 -0.801699262537476 -1.28409629247816 -0.168306314015387 -0.552714370783428 0.0778194161355588
-9999 -9999 -9999 -0.275122693222349 -1.72467644493806 -0.111807082302441 -1.09165890598119 -0.0666608112087948 -0.785101662308875 -0.0266274959504369 -1.57944220378474 -1.57703982296443 -0.0490353110955556 -0.468055266054392 -0.862734803058122 -0.689960482505496 -1.05560553733918 -0.99043184095607 -0.105410724427258 -1.38591609956073 -0.863783795708096 -1.20361202453067 -1.55330751251697 -0.678783646909469 -0.956767356605525 -0.819363100571462 -1.64256706450335 -0.348298893637437 -0.433803832712098 -0.758727569288095 -0.214928858827524 -0.871707729082018 0.014251275493323 -0.205107486477445 -1.08185612440565 -0.578125440610482 -0.962530496824804 -1.70054787938367 -0.540332036595473 -1.40710600853028 -1.2366771324619 -1.60645897423854 0.095189735867995 -0.248298659360582 -1.01210120491704 0.364622924760325
-9999 -9999 -9999 -0.635880960489111 -0.742629807348801 -0.59460436155633 -1.55328353920111 -0.614620634883817 -0.00780575960114181 -1.82146263122018 -0.599628612655214 -1.43424987856535 0.0451155451823227 -0.149338831611691 -1.62105844074811 -1.16930146982291 -1.15188535306618 -0.396089036230645 -1.13588270187496 -0.579539494953742 -0.627939799093109 -0.73915277341238 -0.945409628029336 -0.505439590914724 -1.12473236706441 -1.11522638397935 -0.613742204273305 0.226303804364459 -0.400669929862348 -0.114940875738443 -0.187872858813405 -0.873463343310458 -0.744488334806541 -1.76523401840718 -0.453323936752976 -0.802342525355714 -1.91625851472631 -1.6438142560558 -1.03869841253415 -1.18129577871176 -0.687901720634313 -0.237623350589507 -0.947366986594981 -0.0791655403858282 -1.82767263801324 -0.476468541023096
-9999 -9999 -9999 -9999 0.148950703203307 -0.821968053940018 -1.02477781389076 -0.276741337529266 -0.336952483919812 -1.16847205728057 -0.852925310966682 -0.95150906166062 -0.599867714734284 -0.976775694691648 -1.0794252523107 -1.26796523643806 -0.370892927033226 -0.433276148233311 -0.254913066237373 -0.0959626479790703 -0.511529142961768 -0.532131534958623 -0.597492265212825 -0.435012033953549 -0.570961885107166 -1.3199418703712 -0.951574500541391 -0.777129823121856 0.0658033100210614 -1.35454090134827 -0.244969292309598 -0.977570717251271 -0.403737122174053 -0.364707240680017 -0.631429513580929 -0.753280218977004 -1.34097378728308 -0.565497520070666 -1.20878904496571 -0.940262436324922 0.0284787930274583 -0.899424130958086 0.160919891097572 0.0156802900181399 -0.674689319068802 -0.0895303920344184
-9999 -9999 -9999 0.218587902865895 -0.369435630385129 -1.01851048861883 -0.616709276223467 -0.566618608973869 -0.791294503197573 -0.0786794348959805 -0.510870891763724 -0.763571429560185 -0.180171539626527 0.035315881689254 -0.758866314979686 -1.11049180488175 -0.560617443138897 -0.213602367587379 -1.0037002558694 -0.957636497206902 -0.8361808768894 -0.782160343760077 -0.670527339018847 -0.343518267888917 -1.07130057730038 -1.0747116611446 -1.52379031118481 -0.401724734790852 -1.25114497480928 0.51463635815368 -0.513242036751971 0.0629111975685968 -1.04999895192193 -0.787108790916713 -0.410445906014697 -0.0986760970562258 -0.959071678978057 -9999 -0.931913259205796 -0.414374914360124 -0.739458631306334 -1.28173661787551 -0.473274856998138 -0.625305463140772 -0.185968955360896 -9999
-9999 -9999 -9999 0.0293126574615482 0.67797342774389 -0.826833482702179 -0.789870862738423 0.562387057252974 -1.03883610530302 -0.44184615694202 -1.18367340421463 -1.55823279262922 -0.162972489595027 -1.38513749284499 -0.575872199521099 -0.555125047460223 -0.202522162467912 -0.564166256380508 -0.743048577705785 -0.908353191707613 0.14881786938421 -0.310678545830624 -1.42222064012534 -0.0206314812182677 -1.04975602925748 -0.487478752014695 -0.607190309318778 0.0875883644131044 0.106573527592374 -0.160255859032408 -0.353870977469451 -0.459516363508201 -0.328700668346546 -0.108154371315537 -0.380861212313506 -0.301244108506542 -1.69914621065813 -0.384151641175706 -1.38824600521755 -0.425907286662295 -0.635123166165475 -1.90026024272417 -0.906369902779823 -0.0588235047105743 -0.494039757652236 0.100906463627156
-9999 -9999 -9999 0.0783402224801635 -0.143770061490734 -0.380740914019201 -0.536893501925221 -1.81695460675035 -0.447675962853799 -1.47586140495941 -0.678260593355888 -2.53888692352079 -1.37264672019672 -1.50659939773014 -1.02327407141716 -0.400690975685919 -0.974247756121197 -0.2105118405466 -0.796245455964336 -0.238382683364381 -1.62841355016159 -0.230256219372696 -0.649336947292806 -0.172411321299951 -0.537319215032305 0.0562600607201118 0.485597958289551 0.289830397691134 0.353915405942519 -0.599163343256845 -0.245074751133182 -0.483806617972103 -1.0472591080481 -0.60214469204582 -0.146439375862759 -1.12479051797272 -0.264573827715768 -0.204610903670541 -0.828389968529387 -0.881840757144125 -1.13978133573098 0.103624279140108 -1.10494776029655 0.244852349005651 -0.273674600350528 0.173683496342776
-9999 -9999 -9999 -0.0332606985399571 0.0769659148714478 -0.0869490310541221 -0.644871471091585 -0.06175152151686 -1.37122856211431 -0.155009725304089 -0.981127635153312 -0.473239437163743 -0.546855929555094 -0.777092551280968 -0.52236664471865 -0.172680924407003 -2.10443427426045 -0.395742305456561 -0.352740713096893 -0.985748531428408 -0.397185736583178 -0.182281326532099 -0.0250018916291106 0.117199163110331 -1.02414328513578 -0.631819198765658 -0.581659600464217 -0.396059113994102 -1.16221410217276 0.43166594571506 -0.652788532709896 -0.117485972813971 -0.738856703886624 -0.923033754800294 -0.0269036882095358 -0.479010931315078 -0.260138593711291 -0.589997734565903 -0.588157195012631 -0.31173045785107 -1.46408280551874 -1.77017794171443 -1.30331910511768 -0.517938946129623 -0.0576720102280313 0.586568849732838
-9999 -9999 -9999 -9999 -0.974539155583677 -0.518233868637987 0.099375280898598 -0.669328909202463 -0.17511249920406 -0.159624109775571 -1.06440316148235 -0.735342626238126 -0.731347188667744 -1.24704982008649 -1.10577992085015 -1.1390690059175 -0.401387664348395 -1.33532851479286 -0.224838614803141 -0.0784720521839167 -1.30685336261666 -0.0654494363699012 -0.305032384417678 -0.18235050575667 -0.483642975953871 -0.454433578365689 0.506670375370638 -0.729510870017033 0.33796270935695 -0.695792021332276 -0.984753720261878 -1.73769892068411 -0.435357537481586 -1.13321167557183 -0.79187629659005 -0.0871666378571576 -1.72844872811057 -1.06561821939763 0.511403654838167 -1.07218719304013 -0.694560899999889 -1.48405585497173 -0.754013787853877 -0.293627631403724 0.19076837127099 0.141586066346807
-9999 -9999 -9999 -9999 -0.0311323801276313 -0.656376961406904 0.600918213755677 -0.861915119246152 -0.497179809190092 0.154368020018098 -0.653169544140068 -0.862269668686163 -0.695984701864826 -0.603001205328892 0.866483122309935 -0.394103068784009 -1.08533350893841 -0.780742121892842 -0.223255829476373 -0.37753286881182 -0.510920108291512 -0.249480319761587 -0.0294864083680477 -0.0820956871820677 -0.681809305250361 0.780720580749655 -0.618123417153622 0.178565188493736 -0.969042238572612 -0.0145000759782398 -0.622548124881793 -0.338761531351008 -1.019615439731 -0.478085494560672 -0.101506471209908 -0.753637172377893 -0.766138602942187 0.118675301481861 0.0199495261503598 0.232615798295378 -0.634211972414089 -0.512484888567523 -0.220911995021728 -1.03115970693986 0.0225442714989914 0.474361597279684
-9999 -9999 -9999 -9999 -1.41387483583671 0.142623712767889 -1.36536606750812 -0.910325939435124 -0.276310108070582 -0.429566208620207 0.500185016060331 0.151574113936216 -0.79321010020076 -0.692557596917573 -1.14654350234488 -0.50319698970039 -0.428389180953554 -0.567587388873629 -2.1167059243255 -0.94690733700447 -1.72396898725207 -0.493213194207151 -0.473474148155457 -0.78424355604642 -1.46392348941503 -0.0593628248339176 -0.992330323427743 -0.848081423917606 -0.151007166663897 -1.25131881374112 -1.01470013089728 -1.07668047346759 -1.47984121402952 -0.819557311769723 -1.99163902170311 -0.712337924766876 -0.892763516418047 -0.190728541374999 -0.184344875727695 -0.607381701166609 -0.98260830653095 -0.466947378269891 -0.571607696262136 0.11743216288195 -0.517090262918332 -0.0758162534474526
