Model-results/Spatial/Envenomings/Rho.asc
NCOLS 53 
NROWS 93 
XLLCORNER 376490.070567719 
YLLCORNER 384721.488324056 
CELLSIZE 4595 
NODATA_value -9999 
[rows 42 to 62 of 93, columns 0 to 45 of 53]
-9999 0.546791627516605 -9999 0.664058488504354 0.637817329236919 0.54380696230522 0.489053214429337 -9999 0.425304393341184 0.368200388211766 0.385532106875177 0.352263879598897 0.358593266425456 0.329799458171313 0.360973509038984 0.339066007033719 0.36337777523366 0.346522929489742 0.364010745913173 0.35033898738222 0.40894900686354 0.410703411217576 0.473104354259083 0.491212501997452 0.472269794339824 0.487587376375554 0.441917420495109 0.446751979031226 0.413261504740898 0.377035346643015 0.332526895990786 0.402075798889421 0.272707934594827 0.276102337059754 0.286717685464373 0.268418887877013 0.258677645195851 0.262990532895337 0.2609158937937 0.260374716055037 0.294018391454104 0.287526448141932 0.319974980708542 0.300430797335606 -9999 -9999
-9999 0.624034682107261 -9999 -9999 0.731268830054916 0.523122810114075 0.454867919819937 0.441893309003391 0.377505528870561 0.388158863906296 0.343841030679205 0.365542020313344 0.346727209154838 0.331012707192454 0.343250169324904 0.336202556837885 0.34011448770605 0.341925571119225 0.342190942852034 0.371682096544704 0.364241798955044 -9999 0.480556596946834 0.539233431016705 0.514106725813778 0.49587122810959 0.512885442044584 0.460578313011959 0.424301448716737 -9999 0.323655909773626 0.298348120643008 0.31905877746171 0.260815536821337 0.297388683508783 0.250650111263039 0.251224275794749 0.256278323414874 0.260912812221527 0.278123317692219 0.272519755670074 0.318391671741482 0.275300485388621 0.341694407084095 -9999 -9999
-9999 -9999 0.565705219036619 -9999 0.574667615397698 0.458507490024674 0.447853000774535 0.383823291770205 0.383753641006433 0.345330829829261 0.358948386179661 0.334653398220459 0.331198850207712 0.32486486180235 0.29990493033512 0.330717491194971 0.325131174421488 0.334969095798708 0.349677431291404 0.357503128451133 0.387691108145331 -9999 0.491379982074361 0.554281934439468 0.5293141375251 0.5250465231436 0.4935853698315 0.45962359945669 0.420435760126982 0.379319411520219 0.317083608069218 0.336394152684292 0.307918580920727 0.315602804112752 0.281112165281308 0.258971532852559 0.22576175557899 0.233376075164942 0.259182621336078 0.249241024492725 0.285740388308377 0.261387984297906 0.3372077652215 0.259818771427351 0.403666386670266 -9999
-9999 -9999 0.453245250579021 0.507669697644684 0.430020789977334 0.448363508147279 0.375893632200284 0.38947837495341 0.337310185581547 0.343256929632146 0.323875555120049 -9999 -9999 0.293928480326989 0.303284433176923 0.297274390916913 0.306875318458431 0.328259436268393 0.324130714384309 0.377039802986278 0.387935090772398 0.44871901560072 0.505968765632458 0.521541702229263 0.573447557790812 0.540807869696055 0.494991719594203 0.459383507704134 0.416998799272769 0.367134401732036 0.35191230071321 0.274667920225055 0.36514989077069 0.275056044306759 0.254518989828369 0.223500743419652 0.22568556590003 0.238765633074793 0.245828698646296 0.271081663472215 0.247876907119497 0.303771454140628 -9999 0.373629738530636 0.209396000796705 0.531994673301188
-9999 -9999 0.53747470994014 0.342414785623938 0.416845605976645 0.351288102458336 0.355732941916752 0.318593394902907 0.313764270973235 0.296622649980629 0.28803699336339 0.257427060061699 0.268815824868775 0.245003413636165 0.277346931554694 0.252633415015156 0.267876315612471 0.253831692736042 0.293809138476666 0.328498144503447 0.39858044759762 0.392173870640709 0.485869002936904 0.449818117654474 0.510220689733781 -9999 0.488166789436588 0.445836791807574 0.388519581057793 0.367690029390367 0.305427100021511 -9999 0.23399384553189 0.287338801195919 0.227710513883563 0.252118049253459 0.202029749642456 0.231139829542003 0.252378422207451 0.226859408292587 0.284463365513481 0.235667367242897 0.328327382162611 0.230230323105457 0.431247825283976 0.215023285322022
-9999 -9999 -9999 0.390320604055803 0.317730682649786 0.333238929132102 0.279218028688522 0.294208380082108 0.256830641824696 0.248025676508207 0.235621806684586 0.222068720537651 0.197754923330903 0.216925163208061 0.202620341248288 0.20122968217255 0.193585255839159 0.211417459295296 0.224503012064258 0.277128541880553 0.33015550823696 0.364133842891947 0.486193960801791 0.502081424922822 0.479923210655133 0.481587309862093 0.462813545084271 0.427587481574531 0.388714894934499 0.331898280607443 0.319233478221188 0.265749996141497 0.284528804742182 0.244773343594905 0.260718488593089 0.20797201840809 0.203912275389196 0.225834866348343 0.2070115327998 0.25933849296408 0.222866538689663 0.294173729516153 0.230208346446932 0.31410767310943 0.22850749627899 0.267807756674567
-9999 -9999 -9999 -9999 0.289487632603102 0.243986171933459 0.249722571250011 0.218618703526531 0.200593448866355 0.206661271170407 0.184888805466151 0.172515630959893 0.166158522973445 0.140261013639034 0.14136606916328 0.123646904937232 0.100892268907127 0.0827550570776634 0.112750648018839 0.181223115615459 0.263586118631498 0.373827573721233 0.432520066858766 0.454233869637353 0.443262588795907 0.451889626409503 0.415436791955519 0.387509847334174 0.338793887508171 0.314928981317406 0.28244099296071 0.270396246075479 0.246735090477715 0.244711855392804 0.202406624655406 0.22711232941996 0.1826395916759 0.201657395216617 0.233071350244721 0.209562052162242 0.264687164763469 0.228905445264901 0.294971886408154 0.231641200935653 0.31262155685548 0.273199183817773
-9999 -9999 -9999 -9999 0.213862704722174 0.19687108263074 0.166317956972186 0.163397400274475 0.149201566947569 0.107848334801027 0.124327978720125 0.118183609579898 0.076459913656383 0.0462111463722264 0.0147897111736771 -0.0251565264382061 -0.0356673697035437 -0.0379944833835281 -0.00466718248041938 0.0503307667974097 0.180509884910059 0.194385523384541 0.420283205923635 0.352399441021504 0.412026581344711 0.372115720038045 0.373850501710074 0.355533983298685 0.291677008304904 0.292625767574567 0.275581041066602 0.247116401412053 0.257712072905435 0.229633516072285 0.224430669040638 0.20009711792317 0.173616182731028 0.20861667947494 0.184262886414828 0.230957160294888 0.208934384531229 0.265418788861534 0.222780108230217 0.28596480716463 0.243357209644705 0.290007363663634
-9999 -9999 -9999 0.32856204198676 0.2114553570268 0.170619328750074 0.141394490950531 0.0887095399974499 0.059726606802097 0.0392322229484678 -0.012786755578424 -0.0423920255893145 -0.0591105456599255 -0.0837960991314769 -0.118116027405525 -0.120625186289042 -0.129621903693593 -0.114788232391214 -0.0852610822194361 -0.00565138355857237 0.0520626016134371 0.146684645752555 0.186876375684417 0.283370653671502 0.275116060768864 0.322711386911461 0.288660547502566 0.300412146376183 0.279946695524122 0.28026439004347 0.253141224882309 0.248017031335843 0.226738602967006 0.241089082494658 0.212715717504286 0.176812863041436 0.162344266419875 0.144139674218114 0.204423506355917 0.179483006676323 0.234087506145343 0.203634820453217 0.259942764009705 0.224409519362331 0.292273781633356 0.246632246903922
-9999 -9999 -9999 0.277362893113228 0.180316453728969 0.150496894636475 0.0782100908093982 0.0477061699606489 -0.0380036938466989 -0.0823484869188621 -0.0925402941167273 -0.143120693291913 -0.163884101661511 -0.19363326789267 -0.174628148049411 -0.188337567382434 -0.186644141946699 -0.169027074597782 -0.125053120666246 -0.0916877154939096 0.0362564757651734 0.0791581745072408 0.161646384021039 0.16872225738991 0.195870775658264 0.237335046310426 0.257433671322907 0.270770316239259 0.271140019053254 0.257899062369334 0.262231917148588 0.232853855481899 0.231897747821878 0.213836819032699 0.211761725108886 0.143347355755201 0.109071005860889 0.147437833060843 0.139336643509832 0.195044878658181 0.171344602059317 0.225549344789696 0.187774222554818 0.250544374250036 0.212722057649182 0.292633705142951
-9999 -9999 -9999 -9999 0.164178656484574 0.0634139929610102 0.0110315215854736 -0.0809393244711714 -0.137625526342085 -0.139436136932991 -0.195709893438376 -0.195137512671184 -0.236851880334342 -0.219468542482449 -0.246469303456142 -0.231441408447719 -0.22600863652393 -0.186909388817657 -0.137652406847429 -0.0830882269478146 -0.0476831391087413 0.0461030765223639 0.0815453994623398 0.132638981296445 0.160536032079369 0.211605352975607 0.216477911754498 0.236863216253565 0.268952720370728 0.263155738281374 0.224988198794548 0.228852107695223 0.216817886992264 0.214033739229509 0.203666130306734 0.149462325997715 0.132866024653737 0.115585283113363 0.170391155767206 0.14327885642562 0.184615827324103 0.16981445853084 0.20926215025988 0.192994546900624 0.256506029151394 0.220143661599604
-9999 -9999 -9999 0.391943336380841 0.164273305339924 0.0682370706912702 -0.0515821205085599 -0.11039275838378 -0.16243393283119 -0.242652580166601 -0.252776559785364 -0.26988829102458 -0.257015639197458 -0.292038195385549 -0.267211911627816 -0.23468667117474 -0.198433339379918 -0.177151138947173 -0.111942058325006 -0.110953009783242 -0.0498735753118705 0.0491796173487342 0.126139137739052 0.15265734529211 0.154783492233611 0.200924459681746 0.233634264130061 0.214990373422029 0.25383696893334 0.247840010389493 0.261257670193307 0.214352091739794 0.213026448161155 0.217021191696206 0.181864368439704 0.157058846277147 0.0699111713921834 -9999 0.116556319100867 0.158746180680667 0.13528072029985 0.165715867710161 0.149094499403226 0.198447141827141 0.179598645756287 -9999
-9999 -9999 -9999 0.463643205652421 0.0688060344010018 0.0242906422704538 -0.105229062807909 -0.163212120155665 -0.220550375925976 -0.238199365116607 -0.283661893218567 -0.288303215456558 -0.310067733611812 -0.29127680101613 -0.284396408723507 -0.234883714819585 -0.200811110146624 -0.130998533436805 -0.0956148069522702 -0.0807839836965921 -0.00428928924760984 0.00293161776934064 0.122779278623041 0.0939287576127373 0.140627791368984 0.230074467608378 0.207310236541397 0.251499008431144 0.233711378536263 0.262185795937101 0.235704994959157 0.215372699180734 0.202104466355484 0.21837778175017 0.220414700145508 0.141938174682955 0.142599595981561 0.103047821914908 0.120304832410526 0.104461226867525 0.104467792226022 0.102097664776967 0.14153701080206 0.159228977132149 0.189737564172076 0.194236992645363
-9999 -9999 -9999 0.215616760539407 0.107730940608037 -0.0578381478049637 -0.110701185404244 -0.170724506174293 -0.22017387731664 -0.27606046940271 -0.292739986443291 -0.332658833303883 -0.319236856363685 -0.320381016793792 -0.272304369400924 -0.260976388905393 -0.103216100178731 -0.154372055325289 -0.105227453414748 -0.0181732342752606 0.00504357365061237 0.0419581048541525 0.0678786862834601 0.0313438325204185 0.0710937303012448 0.181947365118177 0.249590611708775 0.228264740506044 0.259486520565069 0.250668960383228 0.267813984841274 0.221638581516782 0.235870488016421 0.237956793387717 0.22444161384712 0.174513190999555 0.112484349598352 0.11938586513949 0.0853977748928097 0.0915991706264269 0.045878814436602 0.0835320254651152 0.117474532953367 0.150875376842074 0.183453036732858 0.201447732143501
-9999 -9999 -9999 0.351365979538912 -0.0772003809831362 -0.0108703839532388 -0.146159763646095 -0.199409363430966 -0.218625599862805 -0.25520985794341 -0.300149310382403 -0.318667058840686 -0.302746412337816 -0.293158055924145 -0.294364769044374 -0.230435684161001 -0.262409916299797 -0.0300566236304491 -0.0250910169781648 -0.018212036784026 0.0570986544102874 0.02854934517871 0.141355440111422 0.171302746023725 0.103396374033627 0.244114884443111 0.231195741007336 0.277950521589665 0.271191323436331 0.284099369323149 0.300958035039317 0.246323027871744 0.219777411033397 0.233148627552958 0.203820267555867 0.176125330382683 0.127394810340562 0.0970419823082284 0.0678381401393463 0.0525664519375444 0.064450223701791 0.0910786269481902 0.120524286513714 0.150822398380554 0.172929898310598 0.173574838706822
-9999 -9999 -9999 -9999 0.0336406292019542 -0.129729247803832 -0.123392034178532 -0.217042249497566 -0.247235241507128 -0.307226674093285 -0.306259313860431 -0.293260993226095 -0.297851588750277 -0.301341652659018 -0.266314709476747 -0.234872557852883 -0.131175033763851 -0.051673210113087 -0.0180402563464249 0.0173767954537813 0.0113327547170049 0.0606156509407107 0.103092563875505 0.160283285983013 0.182993100404847 0.231082132252263 0.289407976115935 0.276470294986653 0.299353112965478 0.278795411327485 0.319823881360752 0.249522543640715 0.250572725111342 0.231678237910622 0.203192263536539 0.140692269495462 0.120407823531664 0.0770499680857317 0.07340015421157 0.0427755984684511 0.064115704625678 0.0913528410294201 0.114853268893084 0.140903275103941 0.146081468923949 0.18489407693089
-9999 -9999 -9999 -9999 -0.040088750852506 -0.0214364446350838 -0.158803166950471 -0.166523384638888 -0.248147791591288 -0.261262394604851 -0.277648065474692 -0.287605077767991 -0.274632561047077 -0.287634723627805 -0.221778736040552 -0.196850631851697 -0.130062363270405 -0.0258803828381742 0.0205687547810506 -0.040763135882002 0.0339340137536996 0.0520744020137158 0.107326425193791 0.248956714885046 0.160337546883195 0.261524985245668 0.266311413158407 0.330953925758813 0.285213890077594 0.336329482512384 0.312356263989712 0.25696866832301 0.26342659914545 0.216826380314305 0.195231812168773 0.157185349975509 0.0877935219220674 0.092330723303254 0.0269345403786819 0.0598876752778099 0.0841817447035469 0.0983040761772136 0.122026735803598 0.129050850441189 0.164063376313484 0.166925599369835
-9999 -9999 -9999 -9999 0.0125213879887358 -0.0883833823376204 -0.0844409866626904 -0.21316506071952 -0.189472105834542 -0.282695734578001 -0.286536871624969 -0.237763802969503 -0.281475792129899 -0.254408392234963 -0.179979968793599 -0.135043084261602 -0.0729276395172469 -0.0584497028647232 -0.0438668046506293 -0.0230642595359811 0.00363567001596059 0.119694440381415 0.126869903764837 0.215823010905385 0.215135650194544 0.228923130404 0.282212210303304 0.303941553746561 0.340413981316284 0.324831589510187 0.311271768916477 0.177815223721163 0.278234635163733 0.239672567104661 0.23695995555991 0.127508306653809 0.127153812031709 0.078117710402285 0.0855374887390083 0.073889495775158 0.091617875626091 0.108842413800505 0.120575908540449 0.141724794940172 0.142261948232942 0.191718834523776
-9999 -9999 -9999 -9999 0.0628569358220462 -0.000811911176617108 -0.110252788459313 -0.128328564223007 -0.227508681214666 -0.247046354574413 -0.280891446830066 -0.275207959462152 -0.251724759442836 -0.208298827436105 -0.153880726800758 -0.178561298512123 -0.0699995490195029 -0.133940983461248 -0.00232406944204486 -0.06531667519203 0.0666297676062022 0.100105385923274 0.0876163236679109 -0.0062724313958752 0.138074941595858 0.243850300860432 0.275978551983805 0.351712130990642 0.310348304273568 0.376190028483683 0.294408884938942 0.276736934506004 0.215975723652626 0.211111869335803 0.172520360232643 0.163881093142462 0.104219669232951 0.130803301115123 0.101183514779173 0.103096823315666 0.109740883989431 0.105998516324436 0.128208824118932 0.131311463270685 0.168362222614845 0.171913709852411
-9999 -9999 -9999 -9999 0.106464640821533 -0.101299230963515 -0.113198361127034 -0.224854944092337 -0.227620681674904 -0.273341149987062 -0.269053328574058 -0.230527450368273 -0.242765094754306 -0.226813988520735 -0.210700791766196 -0.128701832346285 -0.0269711082326824 -0.0829075059881117 -0.0281360780354029 0.112999253429813 0.0361883452533422 0.150977818389961 0.203974360476662 0.293170619419002 0.195020324902949 0.316172819687131 0.30351009425823 0.262644721238212 0.357348014331047 0.325905814502752 0.31803769619408 0.230962289800746 0.213268061426397 0.166846376327939 0.187174776885227 0.125151933838575 0.16877928665603 0.127756729798573 0.113150077749744 0.117368496283187 0.113482176813634 0.120421870406127 0.13127834957348 0.146877479070062 0.161894020530834 0.193560977104084
-9999 -9999 -9999 -9999 0.100439376466542 -0.0403488829247395 -0.171796711994084 -0.226447101852161 -0.321585013194824 -0.298737309444474 -0.340316151607484 -0.257641165022723 -0.240010532583554 -0.177588850171212 -0.182017991962728 -0.145537575720127 -0.0703519532488479 -0.0581281170105336 0.0675298311946772 0.0267961428203951 0.122657915033847 0.161101249208039 0.193192028326986 0.242838347236323 0.241125576079053 0.310518356217952 0.251734162834763 0.320344093780235 0.307032710788771 0.326932376202844 0.249904490606502 0.264201529416512 0.128565348184885 0.197457301019116 0.14128449496457 0.210976754805495 0.151619661319862 0.168046385584357 0.144297293289841 0.134281185158187 0.141193784549245 0.131785842622445 0.135961554607532 -9999 -9999 0.186204869830419
