Model-results/Spatial/Envenomings/Rho.asc
NCOLS 53 
NROWS 93 
XLLCORNER 376490.070567719 
YLLCORNER 384721.488324056 
CELLSIZE 4595 
NODATA_value -9999 
[rows 21 to 41 of 93, columns 0 to 45 of 53]
-9999 -9999 -9999 -9999 -9999 -9999 -9999 0.453274377645065 0.453937730191577 0.433471326294555 0.430276156975515 0.42298712484945 0.417134349835291 0.419774269773407 0.420150003796264 0.422503748519255 0.398184302540465 0.422220947571805 0.398209822589811 0.416068325809164 0.372084044509172 0.384123999502228 0.359787036534104 0.372068393094494 0.334224939399304 0.34308364483652 0.318133301049856 0.315063093869612 0.308851921781579 0.329880256690544 0.350015174372876 0.352220405942297 -9999 -9999 -9999 -9999 -9999 -9999 -9999 -9999 -9999 -9999 -9999 -9999 -9999 -9999
-9999 -9999 -9999 -9999 -9999 -9999 -9999 0.434926134443518 0.414839220917804 0.432792092655476 0.411105764128801 0.425757283351728 0.414205719717582 0.409485295323009 0.420831132773932 0.405367021901162 0.409754561500426 0.387702297281152 0.410706965281917 0.386395857269685 0.393499688106212 0.358909463899723 0.374221707277454 0.337248040253638 0.343100966215986 0.314291946870135 0.29881559259202 0.302727656218618 0.30527243971649 0.326023700172623 0.293222327334853 0.339915283469462 0.322801020638034 -9999 -9999 -9999 -9999 -9999 -9999 -9999 -9999 -9999 -9999 -9999 -9999 -9999
-9999 -9999 -9999 -9999 -9999 -9999 -9999 0.433675294152111 0.442950469983965 0.420733143748707 0.421661493612875 0.414543140214218 0.41569538434688 0.418074078823844 0.402434846042794 0.418440529472063 0.399575246450637 0.41203487191809 0.378131046579672 0.415508233655084 0.364977094219278 0.375565347110258 0.338123299198851 0.346671697967365 0.307617073677583 0.318552660920493 0.285340622664539 0.282948318635791 0.28838023380495 0.289391093634207 0.305698237380262 0.30826357390593 0.300071400579583 0.320882267233449 -9999 -9999 -9999 -9999 -9999 -9999 -9999 -9999 -9999 -9999 -9999 -9999
-9999 -9999 -9999 -9999 -9999 -9999 0.451334185947974 0.407636525898204 0.397115454003438 0.419889674666624 0.406647010913867 0.421322422318943 0.403465656325139 0.402666544279764 0.408438826131641 0.396817544396814 0.400367508158306 0.383765494014519 0.416410319902676 0.38719356321197 0.40610432823613 0.368501393555005 0.350844178958706 0.320038028465481 0.304708351968081 0.294583327975199 -9999 0.26277483839677 0.267812055935602 0.280543183648659 0.280910811382034 0.307672610917287 0.299234354957142 0.311052092252057 0.305684417576824 -9999 -9999 -9999 -9999 -9999 -9999 -9999 -9999 -9999 -9999 -9999
-9999 -9999 -9999 -9999 -9999 -9999 -9999 0.425930496315923 0.424037684964591 0.410177263536997 0.415063262326461 0.403254640167916 0.398465978475076 0.400224598068582 0.379269560182674 0.399583526585449 0.372985583606163 0.384248865097928 0.362343981018003 0.453509968493017 0.451583860252316 0.367525386973435 0.342136695663113 0.306705839207159 0.294135318068733 0.260101232360949 0.256135385306106 0.23980153275147 0.249145904028701 0.250630306613499 0.286854344895031 0.273664433299782 0.296137174814867 0.291973726460043 0.321734982769509 -9999 -9999 -9999 -9999 -9999 -9999 -9999 -9999 -9999 -9999 -9999
-9999 -9999 -9999 -9999 -9999 -9999 -9999 0.430154295631215 0.434780299472469 0.429303576700666 0.418269432298067 0.415387627404193 0.401904040416059 0.380228382400821 0.394699678022985 0.371895796753262 0.376430419691457 0.357478192368687 0.368417687539956 0.35461997146566 0.359671436973596 0.351470922642704 0.296989675885951 0.290869920531191 0.253839902509954 0.251084246902762 0.231019695731663 0.226812102098387 0.217881445766634 0.251133326052388 0.255611122623698 0.290972691199301 0.287964787615854 0.323919878788157 0.311699139624284 0.346610192120887 -9999 -9999 -9999 -9999 -9999 -9999 -9999 -9999 -9999 -9999
-9999 -9999 -9999 -9999 -9999 -9999 -9999 0.440034254139168 0.438539386344404 0.438859656750966 0.422866804279846 0.42225033798653 0.387346063579414 0.389225138993142 0.35363806537568 0.377777545736293 0.330193582132231 0.35238703865709 -9999 0.333542135167333 0.30318952701627 0.287748804059797 0.288773632465762 0.245832952829703 0.258698864141129 0.221064023062751 0.221591910017651 0.211418215173192 0.229729604360618 0.232373718645812 0.265444224713818 0.26381770593967 0.30710618874072 0.315730183578396 0.350823839866404 0.352448176963973 -9999 -9999 -9999 -9999 -9999 -9999 -9999 -9999 -9999 -9999
-9999 -9999 -9999 -9999 -9999 -9999 -9999 0.451534117769816 0.452636904251604 0.436823556019427 0.43489298549648 0.411034865166596 0.400343266088934 0.381576474403046 0.375257373074934 0.339646686316716 0.367081129306116 0.310690751412636 0.321535400168415 0.29446376453335 0.271389504178721 0.277698179858976 0.243030333878234 0.255949321909495 0.206991260472553 0.2098951828225 0.203249021041191 0.206972456347996 0.210275827705796 0.238965131965814 0.247796206026877 0.298466095473386 0.294586168339402 0.336604240375236 0.35261245013073 0.398998201331373 0.402367345054408 0.587941146807999 -9999 -9999 -9999 -9999 -9999 -9999 -9999 -9999
-9999 -9999 -9999 -9999 -9999 -9999 -9999 0.470186404567439 0.449395571929832 0.449355820057145 0.411540621035054 0.421738806891949 0.395665741417519 0.388998673471367 0.361460604468031 0.357202198649197 0.332082916698963 0.33781678622934 0.306130641795399 0.310966599977107 0.257925407975303 0.248240749747494 0.22649834197545 0.202805889123253 0.210564938140336 0.18389529032486 0.192606617110584 0.193341165481559 0.216421323709382 0.235654591912333 0.26840998874332 0.273599896431143 0.317439772668064 0.346493784834384 0.374438390782908 0.431949743810427 0.46044576648204 0.685288468451137 -9999 -9999 -9999 -9999 -9999 -9999 -9999 -9999
-9999 -9999 -9999 -9999 -9999 -9999 0.476322827727677 0.460382297014648 0.466617842436151 0.442163537169871 0.427094515404811 0.416364415275876 0.402524434241921 0.377737824863737 0.37036984056759 0.353936201776603 0.340000934531123 0.321515815268401 0.320423070395412 0.282730324573981 0.297402838089435 0.232002148211971 0.239782180202181 0.211835675008099 0.169133885453459 0.18819097908646 0.163707693609609 0.187981518928169 0.198926446096867 0.239814532071423 0.263024299060417 0.289797321419172 0.32503558199636 0.3416288283812 0.390311872344788 0.429648646282729 0.456929015946601 0.709390172347977 -9999 -9999 -9999 -9999 -9999 -9999 -9999 -9999
-9999 -9999 -9999 -9999 -9999 0.483975145018995 0.474350845261684 0.474862226778842 0.457251222819887 0.453934965090165 0.417821332971968 0.406378348852651 0.396008907013021 0.385139586043933 0.367708843260134 0.364977662793176 0.339669199793344 0.327439100795965 0.320870208571517 0.285206796489069 0.259099414802233 0.269786440961982 0.223777823153407 0.201599909388409 0.185578292991075 0.163280549010914 0.172434937407799 0.174862454726203 0.199723500230875 0.23881433330477 0.260813973194302 0.292504594587557 0.315335045868609 0.347099549012089 0.340303145138061 0.425142902101632 -9999 0.56885155139461 -9999 -9999 -9999 -9999 -9999 -9999 -9999 -9999
-9999 -9999 -9999 -9999 -9999 0.480505941799166 0.483339136460194 0.466410263219387 0.467280729667072 0.447132904715491 0.432145733741913 0.40226333413952 0.374072672338673 0.377811597679675 0.370875780491901 0.35841785818078 0.34230879320705 0.335099074292638 0.330678315113676 0.314721478889642 0.301040536531885 0.247299973946602 0.251958202850389 0.218734543681443 0.186931330588543 0.201288135196856 0.196474878774031 0.197845896940599 0.221721026657433 0.241664710867931 0.25682235146017 0.284119097068226 0.324113147445153 0.306326076287246 0.361494705109503 -9999 0.439096062510288 -9999 -9999 0.309697159792369 -9999 -9999 -9999 -9999 -9999 -9999
-9999 -9999 -9999 -9999 -9999 0.491187604133663 0.474977668940731 0.475866795571674 0.453731462914394 0.454144189961414 0.421127206755557 0.422636339930843 0.386924076347221 0.398040072029071 0.372835313587505 0.370927722530817 0.355610109297552 0.350219686479214 0.337998458121578 0.330418743382803 0.310169866741585 0.29353655357994 0.249804364319545 0.244357366203808 0.195363702493234 0.209212410436785 0.199427626443691 0.220250719359346 0.232632346747289 0.250069832720139 0.274803950872809 0.283829654761008 0.309135287603476 0.317053003607795 0.282529290121299 0.329309734708827 0.309489943562869 -9999 0.390503615091084 0.240536729928538 0.270297947329949 -9999 -9999 -9999 -9999 -9999
-9999 -9999 -9999 -9999 -9999 0.473620248453623 0.488451358128029 0.462682517647976 0.472633074602392 0.43761431414783 0.43595709520404 0.410661726451354 0.399292366473056 0.382590624282234 0.389748749891164 0.373538358401942 0.391446649118535 0.353806603417771 0.378334534311269 0.359976529605182 0.332479942604309 -9999 0.284494272908417 0.257331953017799 0.253632566837716 0.216135836599831 0.245320184896954 0.250253572502725 0.246288367122114 0.273053534178848 0.259621908311879 0.300453649407741 -9999 0.270985033192499 0.316950780333823 0.282995472114701 0.310320809584614 0.299939989581598 0.22432736296927 0.2777903960839 -9999 -9999 -9999 -9999 -9999 -9999
-9999 -9999 -9999 -9999 -9999 0.495375925843927 0.461774228836258 0.485308764904362 0.447652409467736 0.451751298850641 0.424295874937547 0.41932187482569 0.395905923663732 0.40295581202098 0.370544430057766 0.399550530482422 0.370752302417343 0.432043147603362 0.350908838215095 0.412441915264063 0.40654104112827 0.33461960573577 0.327695147444745 0.302234329400924 0.275146251408516 0.296267811266983 0.267695526210184 0.273384632258643 0.266736503877662 0.273693054938911 0.287701635401223 -9999 0.323875884415867 0.285950641846175 0.282887924795299 0.296532524759398 0.278052928170467 0.252343552640559 0.259034890702846 0.231517462848418 0.247900278750628 0.332250552766921 -9999 -9999 -9999 -9999
-9999 -9999 -9999 -9999 -9999 0.467772819141947 0.487417310731392 0.444008752485026 0.464919349177178 0.427995764757098 0.426723657759959 0.405541666217927 0.405782122238583 0.381268380272614 0.40247089463343 0.371485180795736 0.422366170878003 0.379635832554207 0.514926829452124 0.391253628894991 0.408153328957217 0.367929448105583 0.331239099487654 0.322344714481219 0.314681037431139 0.305885312948789 0.311750425620867 0.302634261791127 0.298401002817869 0.292105729520698 0.296034406354938 0.287591721157512 0.28525528240531 0.281846153106914 0.290679535500908 0.282482068091477 0.281073541874027 0.27531089639978 0.238125445950543 0.251109206735769 0.242459293397249 0.280002417431018 -9999 -9999 -9999 -9999
-9999 -9999 0.821408761765592 -9999 -9999 0.485529700291953 0.448130607330743 0.475660444797633 0.418615583312314 0.443259953679529 0.402613652258208 0.404714337936993 0.383173603354562 0.363078079927808 0.36581558569407 0.398745411205722 0.386362411506537 0.428489871896046 0.322552885322008 0.398718663074086 0.415548264351496 0.359290663590001 0.352888048710285 0.328915766232246 0.302782498214916 0.357894981114057 0.329985643646038 0.359427535241042 0.303516168892061 0.304223164795389 0.289839435348053 0.284820150059746 0.292541406911586 0.271686203912006 0.289796896459762 0.271670141919249 0.285336801508402 0.264639354148736 0.274089579867723 0.245852934068595 0.266359715471242 0.259276399968956 -9999 -9999 -9999 -9999
-9999 -9999 0.752522975630612 -9999 0.534561389761812 0.451525612925153 0.496944683505504 0.419307177607251 0.445952956476083 0.389065986828729 0.388748956271211 0.347592862611321 0.344967118196233 0.345019724042191 0.376835473108041 0.372887343622538 0.409583603018702 0.347102101537619 0.424776823735084 0.380219078440639 0.382407310106509 0.389383483262097 0.375966019216007 0.371054995253936 0.369362718064357 0.361700376388449 0.37921987075918 0.346605062577804 0.335918431724846 0.311536473978047 0.290454525548084 0.28646632413403 0.264782209602257 0.272207896973438 0.275605391201744 0.280030806892895 0.272744086307696 0.278088087384702 0.260560691630656 0.276947340314713 0.268030283130632 0.282035857449813 -9999 -9999 -9999 -9999
-9999 0.494331491134397 -9999 -9999 0.420879971707373 0.500841986462804 0.436131438486017 0.480998738002542 0.41163348549458 0.428775453589312 0.358268530623645 0.361128132374877 0.338789521179642 0.366312608225907 0.347804791990272 0.367834891331494 0.376495639901834 0.405812750280364 0.364819163633391 0.408114883144429 0.403664367231648 0.410460908806677 0.407579823295411 0.388678098426159 0.407230846398552 0.398672570397344 0.400242783356173 0.374156514501375 0.356042268989256 0.33023184186856 0.30212396323061 0.26617605609542 0.280683120403866 0.274401004348446 0.284049493878123 0.268979933885641 0.272529494987516 0.271159014577128 0.267530813971887 0.273018565397693 0.289772807286632 0.326169895228775 0.376282311941771 -9999 -9999 -9999
-9999 0.601633453300584 -9999 -9999 0.546634739225576 0.450384519543092 0.506977253125354 0.428355885878452 0.449710660114932 0.387444510759079 0.39460288535386 0.351686722745138 0.344752562260434 0.320613265012154 0.358852669499528 0.349275358921306 0.397030459701359 0.322340997699436 0.409039411763589 0.355406103976672 0.403721177908313 0.430062466804218 0.417920836506285 0.450901685582387 0.433215927612121 0.424921943289269 0.401626629329768 0.399060448848632 0.382385436024458 0.342861421325763 -9999 0.268602161575318 0.221189595512091 0.243039333430729 0.253759542901943 0.269115209958559 0.256569916552239 0.272804333522952 0.259059411557317 0.272602262641389 0.30393359629798 0.331193036399441 0.357376063599667 -9999 -9999 -9999
-9999 0.471267717094487 -9999 -9999 -9999 0.525932995848245 0.441194866950352 0.475366444685231 0.407087404715318 0.410761206519767 0.368279595508736 0.373426243457682 0.344636535205759 0.35133720321647 0.329825104748242 0.351811572134655 0.324175314913646 0.343504046527181 0.31954169892117 0.392657553872746 0.401781024031917 0.412538565126945 0.43422046964936 0.470715206578458 0.458719321785326 0.443770855493249 0.446024018164656 0.402697374562484 0.391820932358339 0.362482071998122 0.333760709912349 0.309479181637469 0.265587429049127 0.251208331936624 0.270385808905559 0.261417165106907 0.247079602553607 0.266818197592039 0.260252640249713 0.276751884140848 0.295668903640824 0.316923832710797 0.316177106028302 0.335902209533361 -9999 -9999
