Model-results/Spatial/Envenomings/Rho.asc
NCOLS 53 
NROWS 93 
XLLCORNER 376490.070567719 
YLLCORNER 384721.488324056 
CELLSIZE 4595 
NODATA_value -9999 
[rows 63 to 83 of 93, columns 0 to 45 of 53]
-9999 -9999 -9999 -9999 -9999 -0.158038604562918 -0.290519762666906 -0.403617725693007 -0.359772058171591 -0.371877053113488 -0.392174846229379 -0.291594616418293 -0.237369436923605 -0.232576652064439 -0.170697448271984 -0.142823343403218 -0.058458614902616 0.0125565642224368 0.0448716799907629 0.0522256371954828 0.159668579103971 0.182684693336922 0.269680285112842 0.243007157170579 0.309642584632154 0.321463468619658 0.329624630253877 0.263188611164684 0.307579058895723 -9999 0.278047115322994 0.183210248393716 0.207661782076663 0.156426067449672 0.222523038631681 0.185484905555291 0.211047456101202 0.184199967750397 0.158497606523416 0.170592942891269 0.147098448176686 0.149751249639009 0.150772055413354 -9999 -9999 0.226248569460272
-9999 -9999 -9999 -9999 -0.0135606154113832 -0.239932110794628 -0.470623215282027 -0.384245704096819 -0.469343867221446 -0.371630273048496 -0.382672279628303 -0.320355020252555 -0.250895169546648 -0.188894876481897 -0.167996453263893 -0.136701197866164 -0.0401025926920112 -0.00324781334457368 0.0715306476778403 0.102428992089937 0.12328249936896 0.254320671013782 0.309216089942826 0.265057345073834 0.316568719212283 0.337512932269402 0.281984862098711 0.333258112208421 0.236322677727284 0.303879516863496 0.208162027173936 0.254531592709868 0.149309398738608 0.257058270048102 0.172639910689266 0.269934470368167 0.217059943205508 0.223191461353613 0.239503552355322 0.171854999131613 0.16458673421498 0.161169096698478 0.161231941686231 0.194535446032554 -9999 0.226744727844088
-9999 -9999 -9999 -9999 -9999 -0.571435161836956 -0.415852238494726 -0.557730936443803 -0.423085437385848 -0.44886815962007 -0.426160884052655 -0.321236724902685 -0.26295321530487 -0.204738055476543 -0.171176294965763 -0.109759156776567 -0.0814430565781006 0.0482100681179508 0.0792567016906847 0.144830189527869 0.217228262913133 0.253752095684204 0.33005405758198 0.341715648274687 0.377586247757589 0.342690047377615 0.41901124000021 0.259069302560397 0.335498828788469 0.166589478583477 0.287346905245486 0.168687363898052 0.231797944017514 0.159754407186959 0.250067208579461 0.233716706405657 0.26486917094808 0.23739670101878 0.221687520765536 0.19995497825601 0.163541006071852 0.182697684310608 0.18661421736394 0.211297095842291 0.231182408944692 0.271060325746625
-9999 -9999 -9999 -9999 -9999 -0.625806338781258 -0.653189898081552 -0.511821752319635 -0.557523337036669 -0.425660677603728 -0.395677280238885 -0.381015277779418 -0.268127602366637 -0.222180673007926 -0.223318737630572 -0.240105031813342 -0.0241333818065798 -0.0128968189384353 0.127358732417362 0.146977513880842 0.215774193751799 0.25929451024258 0.331619445784968 -9999 0.332621746144529 0.408493992225988 0.339791966094434 0.427660311469006 0.294309636816626 0.287452555209822 0.207924964562531 0.24634459390139 0.159153982821366 0.224477542409894 0.180207487877329 0.256294660774535 0.263637431179762 0.240389024899796 0.220018087698392 0.20759956946128 0.184991231422617 0.173221560374638 0.185282011272346 0.215048896932675 0.243970279306481 0.264734934244723
-9999 -9999 -9999 -9999 -9999 -0.664336131830592 -0.6738375205164 -0.661542434682539 -0.535492947844776 -0.456169166264998 -0.466011280922148 -0.337992541275935 -0.309017007827128 -0.219048510287268 -0.243290378214311 -0.156231614413587 -0.141070570068857 0.0434246020615379 0.0654222329270794 0.175516809553501 0.160010832853065 0.287091193341615 0.318783491921253 0.340478342776621 0.409223488903554 0.391748033869751 0.42195451832582 0.354120017777752 0.380863208333649 0.299275867568158 0.284024685365289 0.191416913973874 0.271953840628446 0.0905735289494201 0.241195003761409 0.210118848712945 0.274028435435218 0.226894192481364 0.214217099646665 0.201135863737944 0.202751311966032 0.181245223395741 0.198932870061384 0.200555869307958 0.243464957074639 0.304869698757996
-9999 -9999 -9999 -9999 -9999 -0.854395969091848 -0.816964209179057 -0.67756276121839 -0.612919011342881 -0.479461472893975 -0.399031387396134 -0.402452953720931 -0.271385070433587 -0.276051944776947 -0.215721279308516 -0.200211453033706 -0.0301625183929552 0.00159979463545637 0.124309112530886 0.136099023560358 0.201005324294895 0.252430943488118 0.322484687873717 0.335012866793285 0.40808990023833 0.413228152055289 0.402639358933089 0.4182713677399 0.34608175771973 0.408434966440184 0.284606416892521 0.277213987488335 0.186574078382771 0.304511728218399 0.18306524886388 0.271310097578113 0.237553032313131 0.243472473227589 0.224094982760396 0.198479451853475 0.197201830027681 0.190290371630179 0.175931234377353 0.214909556689786 -9999 0.29498281516761
-9999 -9999 -9999 -9999 -9999 -0.793759199258053 -0.729182717925664 -0.698039761966638 -0.56443179252896 -0.474851753260274 -0.431198565121386 -0.31759147388852 -0.301848343972896 -0.18377989708878 -0.288488476980147 -0.172847855556858 -0.107138883477013 -0.054608254346808 0.0491442915248789 0.116019465089466 0.168304903090036 0.23240650360534 0.300819002011277 0.360314467263418 0.387307618032341 0.394195209653984 0.43477904854687 0.388781624826287 0.409787506290457 0.253465156430103 0.342969113401097 0.254869648941013 0.366874807830016 0.193421231096856 0.309626691120602 0.247347537344021 0.232263678609785 0.247058518241839 0.224884032529398 0.221826529905824 0.196993192532567 0.202088709712385 0.216766892027633 0.193693733054757 0.281042281700473 0.333867202964467
-9999 -9999 -9999 -9999 -9999 -0.878998016953743 -0.676044633095119 -0.611122395433257 -0.574542434466033 -0.497847559161492 -0.410854062934246 -0.379671581869211 -0.225889308771688 -0.263192482477556 -0.244422471589268 -0.223623610505282 -0.0953592189115852 -0.0407121814929548 0.0479455358962082 0.103831260908579 0.12804555509823 0.240063640036439 0.307248811965794 0.348915001698746 0.379149219388619 0.398566192512876 0.383278550952481 0.392563604992245 0.368693309393595 0.326730090890523 0.268470074124921 0.369427453957018 0.290890734343036 0.366930963772153 0.252351245421009 0.282805643309987 0.232246237663498 0.252398039857263 0.247933328215904 0.232547339137424 0.204309956152011 0.241083499069417 0.198656747032676 0.257515409903691 0.313860966573928 0.314686527126543
-9999 -9999 -9999 -9999 -9999 -0.78791170707871 -0.674405839823045 -0.670604743392468 -0.595263072464734 -0.528852831545091 -0.472653911539376 -0.322817059203915 -0.261924158018139 -0.220848082191403 -0.264677275908248 -0.183110129369514 -0.110778713637641 -0.0335995298371099 0.0334111066838859 0.0887141059846155 0.191074043825052 0.211627433980928 0.26403629071671 0.343230446939759 0.354656321088957 0.368848282501288 0.389300058535715 0.357952028579713 0.395698970861001 0.338796135684592 0.418084947636049 0.354934280527652 0.49712048252346 0.273673661360297 0.319771336349583 0.266022724733537 0.276582004165153 0.258772409731585 0.2650158454844 0.257218804016356 0.212446615826727 0.259538977663292 0.281437481816285 0.2828722847263 0.334699090870152 0.351655346404503
-9999 -9999 -9999 -9999 -9999 -0.488224148128977 -0.570957078344183 -0.50932215689188 -0.468876918198315 -0.3761421253913 -0.359776986644762 -0.340237565767231 -0.24751591390145 -0.231668708194835 -0.215489389929093 -0.247319068095611 -0.0979689252928131 -0.0495678455347705 0.00602316602590084 0.0871466428412105 0.141330574321461 0.238054862034145 0.276707904967507 0.317185193353603 0.33569109190013 0.34921222119348 0.337918600081862 0.365476006721705 0.329597897634451 0.401336130492055 0.306025753525205 0.458171438414632 0.35330594984655 0.38520047311938 0.277372322300203 0.329622950648277 0.286924786190346 0.314586532828656 0.282289522168137 0.278259475935314 0.286299356074679 0.270834910468282 0.306800952018391 0.339856408231095 0.367960704527847 0.393321767703275
-9999 -9999 -9999 -9999 -9999 -0.531471742865044 -0.416358745226787 -0.450098755441511 -0.410484228157448 -0.387724178479292 -0.375336204665286 -0.383902782079846 -0.274506511787216 -0.263458029534453 -0.207176467180685 -0.213425875003282 -0.174609570741544 -0.123397556167225 -0.0324868036144307 0.0224918261761155 0.127827145047561 0.165468697521278 0.256870260705342 0.266355325204217 0.304173684182314 0.324339615027236 0.327103192313133 0.313135019560902 0.354567018953033 0.312275158244489 0.368060136223494 0.336703206850366 0.419804049771706 0.325049919670292 0.388986331269881 0.336336832155252 0.382177322115892 0.30609915783827 0.342497555045535 0.316465132458299 0.362703606965927 0.333556631901005 0.388394860063779 0.377658527400007 0.400069135805083 0.411993620565768
-9999 -9999 -9999 -9999 -9999 -9999 -0.374706326665583 -0.405696555685582 -0.37505131629273 -0.443569195127052 -0.382093610514001 -0.323148714492897 -0.345045721630839 -0.243140689604978 -0.235715546007715 -0.210076177654397 -0.201345278524693 -0.138543940118404 -0.0768078613402156 -0.013827148895596 -0.00566365846786135 0.0870656592270322 0.140074517739459 0.178116232764348 0.233801790614926 0.252275804954722 0.270064605461133 0.298066089053004 0.259998877711605 0.301597300014962 0.279194401154705 0.394787747611074 0.358173935446002 0.505192019209027 0.392499185865346 0.53702243924446 0.424034043080156 0.466706145178777 0.431905462534877 0.399682326723354 0.410830319965553 0.407024863002854 0.401136272727089 0.424718572092173 0.428162396613265 0.451524887469972
-9999 -9999 -9999 -9999 -9999 -9999 -0.507655955461487 -0.398222756447216 -0.375459634944576 -0.344139551039966 -0.35250484560912 -0.348474163692751 -0.30026374951682 -0.258123606113328 -0.219017000066048 -0.189205689417003 -0.192106147457246 -0.181120105925834 -0.134487217208944 -0.0797363422657766 -0.000236934057417402 0.016541716183959 0.105282570227426 0.137454549457241 0.128219044987588 0.193282080861314 0.198133214674131 0.20861304123109 0.295937168756489 0.279367449783685 0.356192133452797 0.351777755343033 0.448760768094757 0.425368820546837 0.509204220175707 0.47351165232795 0.515133069497446 0.455075797154809 0.453475508294178 0.449169677771429 0.43801629829867 0.435369462826152 0.457264767673398 0.447855274282334 0.464215038454909 0.466322116262894
-9999 -9999 -9999 -9999 -9999 -9999 -9999 -0.399574248424209 -0.356854630155954 -0.362445362770181 -0.355974082018724 -0.336902692377586 -0.338342289204022 -0.281528530137794 -0.231530970505795 -0.191276415133121 -0.155387557078566 -0.194619754049764 -0.165528159655291 -0.119322563714735 -0.0611338241263018 0.00684333062186095 0.0142159339331118 0.0868895268523713 0.110284573957988 0.169595307641821 0.140782558397415 -9999 0.238229061678574 0.311973243379231 0.329558564346812 0.419443166966037 0.410707489835252 0.482390822288917 0.475666586461413 0.492283420556965 0.497848021082646 0.480603561782702 0.477236685840537 0.468545843975215 0.459442771948915 0.467140456497712 0.476384305821508 0.483262592426673 0.483717050050804 0.491454214758547
-9999 -9999 -9999 -9999 -9999 -9999 -9999 -0.47028116680256 -0.361052584623902 -0.345237485409585 -0.341132847599795 -0.359259478475907 -0.314288766042572 -0.318955105389924 -0.247655514291796 -0.201465211629109 -0.170024284818181 -0.126623624163182 -0.170963856030161 -0.140008949540756 -0.0735807993953038 -0.081492058256166 -0.0145797840065364 -0.000534062948243742 0.0528961007521447 0.10220328402676 0.15223156598882 0.201410892392532 0.303239993358516 0.282934601248897 0.390157955682807 0.389259805900637 0.452010636795706 0.454108096391929 0.493147992969166 0.501801461719892 0.509945218199588 0.485692565578702 0.479161739376418 0.476882346483072 0.488231300487105 0.48349288655557 0.496155041537399 0.500644795325734 0.506583676088774 0.509666575707001
-9999 -9999 -9999 -9999 -9999 -9999 -9999 -0.581241555261946 -0.282154576246003 -0.366378986708549 -0.298570829010588 -0.364355126449403 -0.354865446179826 -0.317734960671939 -0.292819886012705 -0.205555357703184 -0.185236564313137 -0.163036648016583 -0.132565309441669 -0.153310750127957 -0.116484746103173 -0.0524894540951602 -0.0663905363126665 0.0139609913237881 0.0178474676349843 0.0314745391596027 0.15246217097147 0.175777340102733 0.247981652941905 0.346912682442661 0.349085427237392 0.420955114077733 0.430253285281109 0.465950320560206 0.450334317810215 0.483748766089312 0.48780670756678 0.496901504535927 0.471819107726348 0.49294410846888 0.490279081182989 0.500561887675151 0.506186417014358 0.516136486619004 0.521617008512518 0.530253977216301
-9999 -9999 -9999 -9999 -9999 -9999 -9999 -9999 -0.37210274896918 -0.339236078712051 -0.363347658235965 -0.395191896073369 -0.352765877308565 -0.340139876464288 -0.309185375846861 -0.245164342766814 -0.178994744574331 -0.171743417607743 -0.152076966485156 -0.124248169504347 -0.0786423829147208 -0.0726851500240359 -0.0372214598285515 -0.0141291870450833 0.0377606697785234 0.0328345562742333 0.10437909397278 0.184084978404337 -9999 0.310030106247054 0.392664728472694 0.392037087675246 0.457452056957022 0.451417933937122 0.489740904096281 0.438538243649 0.49374761319273 0.4664547124283 0.487578806362664 0.482994128476875 0.500330046945154 0.500445973967795 0.514960086468813 0.521705331568934 0.53791462632777 0.53788495716378
-9999 -9999 -9999 -9999 -9999 -9999 -9999 -9999 -0.332558529453171 -0.355236353919646 -0.346367095319516 -0.371275559359385 -0.369240576183668 -0.304249848190237 -0.325742364360643 -0.220191629725826 -0.217873728370348 -0.169363480368976 -0.161298843524992 -0.123541861584163 -0.106570340333429 -0.0588106688739541 -0.0510318386475015 0.0484032127469439 -0.0170142494137603 0.0716538020748847 0.109541281060625 0.184153053755352 -9999 0.34911651284416 0.350965430998852 0.425252373772135 0.40130193416052 0.477260541577788 0.448721853128061 0.468894648983612 0.445861908864744 0.484952263896682 0.466068504256679 0.500158634544931 0.498950919293117 0.510712430627134 0.525476440258619 0.534575525023474 0.542098683929946 0.541161641922443
-9999 -9999 -9999 -9999 -9999 -9999 -9999 -9999 -0.39885167122823 -0.380845870378802 -0.394150230980265 -0.369236871630321 -0.35781887433419 -0.349837014287971 -0.29796624422213 -0.284627311864601 -0.219457385656138 -0.20525885867794 -0.154073852085261 -0.136313201198369 -0.0825633677370244 -0.0704186400061658 -0.00344533458477514 0.0275467067793656 0.0689997854637574 0.114570017056408 0.125162829019892 0.240033834615267 -9999 0.338431304238684 0.383557884668385 0.35594384779593 0.452917013908422 0.403766773827062 0.481141328573373 0.410693149716619 0.460026192304024 0.438398622247691 0.483101011099273 0.475565467894664 0.504100504600658 0.511242801741331 0.522309980447949 0.541316198680392 0.54044507670745 0.558032749841947
-9999 -9999 -9999 -9999 -9999 -9999 -9999 -9999 -0.350153709914485 -0.411143604884694 -0.399593846638291 -0.381973332722682 -0.376843743513886 -0.372630134819422 -0.324034020700681 -0.288028079546217 -0.257381180233922 -0.209710947843149 -0.195193973549702 -0.13634997161538 -0.122362631949063 -0.0478438641994064 -0.0260610878503777 0.0518591621699282 0.062456190478934 0.147094182328179 0.177005289239407 0.232342948827577 0.300959169118451 0.349705232108837 0.339255451065504 0.369347453179115 0.391248845714848 0.444791972381487 0.40105635775395 0.448095758696782 0.396022940188257 -9999 0.448898508838799 0.503599960216086 0.48634100196664 0.523706015518389 0.519263772522802 0.532352238205977 0.539679342344971 0.548856389313335
-9999 -9999 -9999 -9999 -9999 -9999 -9999 -9999 -9999 -0.41794753369814 -0.400920367850873 -0.420442501577318 -0.391270795251331 -0.410084410998584 -0.344708392713582 -0.316029752844009 -0.299456858141696 -0.2820799983473 -0.201212669575978 -0.185323961671401 -0.118129163911682 -0.0862653291932377 -0.0304801337301075 0.0202468946671655 0.0526903413373602 0.13499073564675 0.150376616426883 0.272171240429472 0.299214682274391 0.271155546274222 0.308828647158422 0.323037976280574 0.435664765593583 0.360366018134264 0.425610481952752 0.3843432850005 0.417587166335986 0.421833950799735 0.435342884336543 0.486624698445434 0.489197845627754 0.505346666569059 0.515804108838252 0.524484405575709 0.53951283492193 -9999
